3060
9454
8459
4016
5283
3844
6231
3045
6668
559
4917
2032
5446
6700
2888
946
5327
1933
9872
5419
9703
3830
6317
7423
7764
9213
9870
9852
2049
9939
3942
2695
5697
4360
9
13
8811
6270
8970
5928
1260
8308
2995
7148
7561
8386
3853
8430
7366
1962
7142
7698
1152
3243
493
3646
1185
912
6271
5083
1097
902
8071
2250
2059
6420
2784
4495
5938
9401
6204
9826
5505
8225
7158
2171
3788
548
428
5582
1474
4285
9771
162
3240
6276
3111
210
3612
463
875
9096
6247
5084
1760
3218
8679
9161
9046
5573
3804
516
1121
1200
6238
2660
8337
9795
3999
534
9056
5791
4486
7176
5277
8560
6133
2072
4448
8462
9482
248
7827
8285
2471
139
3846
1052
6728
1560
8202
4671
8574
9959
6491
6339
1212
7369
1296
9639
2761
7565
7276
4132
5148
1532
6675
1670
635
1806
3866
6165
5268
2651
1582
442
3596
1324
9796
7776
8352
7295
1428
6733
5762
3872
8061
7812
876
7072
6630
3142
1805
9207
7497
1070
9051
2254
8740
5599
8421
9736
7626
6148
172
7619
7223
6604
3370
4629
871
3927
8398
8605
4274
5445
6736
529
2874
3898
2383
2822
7330
8691
213
2612
6159
5826
1294
2075
9834
4500
1430
2817
8468
5058
4067
5692
6502
5641
8159
3610
7961
5607
4034
2952
6129
9662
9692
7151
9408
4937
3191
8338
7536
4875
1728
3789
4399
2702
1580
541
4297
5708
3068
312
5772
835
7834
5097
6385
5952
7334
927
3937
5373
4380
8755
5267
1701
2052
1964
4705
3930
7820
9397
4711
2444
362
4352
3171
8191
9648
6433
5646
7241
1742
8988
1795
7120
1206
7238
4374
1123
693
3347
9514
854
7187
4467
8980
7103
1002
3753
2036
6930
1723
9690
6307
1293
7302
4175
5600
3654
5317
3821
2292
8823
4004
9315
9807
6697
192
9459
857
5869
8517
3093
3134
8859
637
1822
7723
2961
4842
2457
9745
3090
9970
4753
7162
2491
4185
4885
3769
4662
7
4694
5468
533
4577
1803
8172
3354
1066
2440
2246
9820
1136
2401
1829
1011
3002
4192
4909
542
8447
7621
2525
1311
2202
1262
3219
261
4855
1899
4409
6533
3386
1961
6130
9606
8100
5533
6723
3311
6304
3192
99
5274
9240
4045
5669
8198
520
8892
3829
8420
5860
841
2706
6194
9447
2926
6951
9557
2729
8853
3345
9621
2257
7572
4558
2590
7953
4604
6718
1587
6846
7283
922
5903
8378
577
5633
3082
5566
2924
2033
202
5857
779
2811
1081
5770
6753
441
8463
625
6516
207
1851
1001
8586
1197
1970
2364
6230
1404
3009
502
4669
1271
7930
5428
7725
5842
1289
2235
9835
9729
9845
8958
3235
5018
5270
2977
9305
4890
6503
2783
7227
1559
7971
2614
9622
663
648
258
6431
8946
7775
3920
6880
4026
455
3958
8460
9019
4183
1577
3732
864
6903
1929
2747
6734
4393
3186
3792
8066
3805
2626
3145
9538
3461
5273
5262
1866
7363
4522
3161
6311
9121
3277
5976
6175
6642
8926
5187
79
1672
8855
2557
5902
2283
352
8893
9608
6977
5181
4511
5470
1556
6000
6062
4519
3179
5236
4816
2208
2785
1766
514
4047
2856
6479
1610
7808
6368
3319
2122
9242
5515
3185
6059
8135
5271
3202
8364
6220
7617
9626
2270
6714
9411
1384
5894
4552
3984
5235
4073
1901
5543
5469
9640
4657
2130
5721
2382
9157
236
5233
7513
776
769
9379
9352
2139
898
7596
8612
8148
2726
1794
4333
3125
696
5297
6330
5385
5014
4853
818
267
8235
5736
2498
2029
2915
588
9911
6048
3238
642
4085
401
3619
3022
3597
4732
4621
1304
1553
1904
3608
8756
3410
9851
5142
5514
1885
3797
8103
4177
1893
9355
1598
1415
5390
5690
199
7936
9487
4203
7365
5467
1219
5683
9560
4441
7016
1087
1270
7639
756
6105
3092
299
8165
3850
6693
3401
3667
4013
8879
3755
5699
2753
8453
3676
9899
9292
8329
2794
2019
7097
5748
5238
9753
5276
482
2425
6360
7999
9964
324
5931
2738
2183
4243
8595
8485
9162
5815
2147
929
3063
439
3064
4863
1834
7682
6024
7060
9444
4856
5660
7840
9489
551
2011
7652
4563
627
4528
1960
5439
2278
5443
2500
3316
4839
836
8593
6356
8145
1640
1440
9575
5326
6850
7002
5211
5851
3483
6464
4983
8053
5586
5921
9602
7160
2269
607
8335
2188
1098
5254
4303
918
7681
6954
2713
4353
5219
3834
4821
9248
2809
4593
1868
4151
9718
1138
8154
3798
1196
3128
214
9513
9171
3894
6005
387
7559
6849
3956
8006
5105
8064
6412
7974
6407
3579
3032
7015
9393
7293
1645
4111
6394
8682
204
3734
2744
9460
7147
6934
6704
6663
7076
9298
8241
6073
9794
2339
6467
4124
6967
5620
5989
8168
9839
4290
1750
5259
7600
2519
9266
41
6909
8953
4338
1890
421
4831
9189
7759
7042
5616
6415
6708
3567
6192
6355
8201
7591
2661
1539
1355
5340
2868
3954
8851
7566
2751
7616
3833
4087
6487
6737
9033
9080
9479
1807
6240
4315
7091
6933
3517
3444
4301
7898
7481
4755
5156
8303
6664
4252
7949
7964
9741
983
8912
5781
7449
9311
5728
2290
3780
6875
5213
9347
3470
9064
7180
2030
3583
7298
3216
8215
3862
8429
8169
6318
5399
5153
4939
7897
2104
8389
1538
8056
1408
8132
9519
8288
4871
9968
4206
8530
8342
6536
4893
5881
8253
7576
8121
5082
579
8827
6244
3166
992
5810
5957
699
8340
828
7691
5516
8537
8994
4453
7904
2765
3040
7126
4014
5358
6596
2177
1772
8663
9549
1867
4015
5393
5585
3178
5304
8648
8868
6366
5911
5403
7462
7400
8122
9299
9642
174
4725
2142
8507
426
8519
3710
8058
9303
6215
7984
8568
9463
8570
6685
5009
7918
7279
4650
6726
9474
4949
2546
1824
5011
7473
1673
5303
8705
8960
194
8621
7750
7164
404
369
9001
4428
9503
5588
6092
2490
8244
7843
9202
656
1236
8620
5868
3733
3665
5964
2398
1338
8229
8456
6169
4701
9223
5888
4679
6667
8972
2170
1432
1614
7007
5941
7403
5920
4021
5809
9259
3487
8093
4768
5919
1382
1490
2096
6262
1250
3558
8002
4470
1426
5217
9520
8754
6060
3692
3772
5686
8247
794
9179
3568
7415
9216
2162
1261
1021
4600
5243
6820
4984
9333
4620
1264
453
8838
4171
2080
7373
2215
6907
2062
9464
3338
8565
5062
7527
4580
101
6534
9740
691
2453
8821
4566
1813
3492
1639
2719
6721
9178
6840
178
1191
3749
2381
5198
5161
8220
2796
7980
1675
3116
8638
9739
2151
3353
95
5078
3510
6941
2353
784
4766
2520
1379
4693
5591
4405
4447
1308
2533
7669
9104
8428
6601
6777
6319
7699
4794
9467
511
6609
6996
9551
2384
2445
2193
1881
3936
3010
9246
5287
7606
8366
3434
3535
1768
5819
9631
2938
2608
9155
2597
1711
2720
3057
8186
4576
4163
9607
3879
7220
2560
7250
9757
5536
6507
1938
7910
5836
8534
4562
2671
5441
939
6239
4504
5329
6272
4752
4792
3103
4094
235
8762
476
1691
6811
5206
6960
5908
3306
7798
7509
6879
8348
6543
1997
2329
7938
9291
9878
8639
9846
3155
9247
850
5675
3726
3119
9341
1776
3709
9709
9517
1023
8370
3707
4362
9055
1321
9556
766
1451
6835
3536
5927
2138
1170
4485
790
9324
6469
7393
3618
4697
4626
9016
2394
5163
4282
5252
8809
8077
7874
40
3587
9976
606
5915
3801
2942
3881
4214
7188
9590
8088
7554
2165
3544
9488
5092
7485
4063
295
4779
3435
7716
7693
4963
1944
2819
6387
8160
9424
7267
2575
3162
5063
8062
7746
9632
6313
8090
8393
7213
1102
1499
7767
977
1179
8280
1681
1883
3239
7972
6184
7956
8939
6524
5418
3553
9960
7050
4902
4365
5965
1039
1166
1116
4611
8435
2911
1584
7287
4121
7305
7966
4672
2357
5647
4881
8476
2971
2676
5192
1641
2191
6877
7815
11
270
5093
7084
4242
9469
2835
1263
3302
5453
6857
9229
2593
7214
1541
125
1076
6314
9130
8759
4624
1842
4849
6489
5850
2201
6808
1095
6809
3036
6094
0
9394
1721
2480
9102
168
7737
5642
7244
2934
3819
5912
1619
5522
9649
9712
1849
411
6956
9446
4258
6887
6754
7085
8130
4642
1180
6793
8614
2406
1129
8543
5044
1852
8688
9769
8724
4919
4347
5500
2194
5171
9592
379
4751
889
7368
993
3591
8875
2857
5892
9458
5840
7150
2258
7026
7885
5587
6603
507
6037
5494
3308
1494
9541
9919
2126
4323
2274
6028
2234
9260
3426
1570
1700
7927
9937
6878
2716
9351
7592
7662
2439
7374
3104
1485
364
8998
4496
5755
8238
6698
7364
1437
1535
6171
7291
6463
2371
9449
6565
7586
7049
4312
3163
9106
2327
3150
9611
8431
497
1646
1546
3464
7027
3651
4215
4608
5466
7059
5818
7459
3985
9101
4101
8580
9135
36
5486
9515
3205
6602
614
3816
3509
9931
4602
7114
120
3854
8898
8433
6006
7518
9777
7628
2644
283
2624
6213
8525
4339
5886
9824
5534
526
8735
9854
8221
5629
2376
8102
3404
4964
6281
5070
1453
5349
9655
979
7264
3447
6771
6744
9898
4084
5480
3493
5731
8716
6404
5593
953
1287
7899
9296
5431
5848
1848
16
1727
3034
7379
211
9754
3857
6461
4169
7855
5122
5557
7399
6293
8915
6972
2647
9633
3432
8558
306
4257
3170
9027
6647
72
2086
3555
5429
6859
3622
7653
6164
2545
1128
7487
5094
9177
6582
4888
4827
9184
2284
1445
5457
5241
3112
3395
5562
970
4645
9000
7099
5299
7038
6828
3146
879
9290
1699
3266
478
2805
638
5742
8588
5580
4614
376
7877
7976
3463
1407
8299
3297
5757
5434
996
5611
1258
5910
8837
4049
6297
4718
9663
3652
9373
618
8213
5389
597
375
2346
4598
5907
2663
604
6200
7412
239
7519
6180
5676
5689
5040
7112
8426
1232
2668
9553
6226
9044
5104
4236
2395
5053
7054
7464
2542
6386
9724
9011
5751
748
4773
5294
660
3080
9342
775
9788
5901
4316
910
6785
9569
424
4379
8997
1931
4375
6884
5525
8969
2236
6919
8900
6400
3424
408
4828
834
467
75
6323
9431
5802
7318
1483
7087
8484
8768
7247
3261
6122
777
9110
1368
8968
801
5350
5158
477
1977
6154
5753
4691
5492
2982
1320
104
8852
7933
6265
4398
8954
3751
2216
3079
65
2969
8889
8531
6772
4189
8965
2522
1337
9537
6636
8417
483
5575
701
8884
5215
4232
4980
1482
2908
6560
1702
8539
418
1563
2634
7703
5379
4181
3085
3962
240
4113
6170
2712
5603
5416
9118
704
3564
5231
5150
2998
5649
8556
7968
2323
20
2786
8798
3485
3768
7152
2576
3767
6009
3018
594
8307
359
6350
2664
6363
1498
9917
2298
4241
4446
8161
8344
7919
4158
2968
8904
9797
8849
3629
9759
209
7376
1894
8782
1698
8927
5531
4478
4861
4961
4255
8232
2804
7043
4762
57
4564
764
6224
7522
2758
5103
242
4341
8188
7339
5768
3140
7418
395
8872
7546
8466
4586
417
969
9693
3982
5392
4613
3738
4673
259
1876
9778
4880
3887
9224
8082
4526
9504
1459
1704
492
4401
3004
2331
5821
2682
3411
8451
1012
7324
4344
3203
7478
7562
2363
2987
4152
2617
2889
3641
4071
1000
1372
5170
7828
2659
1908
1026
531
5176
3406
1828
474
1221
2898
9158
108
9005
5684
2901
7269
4408
8597
7848
2896
5654
1653
6075
7851
6267
8661
7630
8777
7294
6211
4277
7206
8971
317
958
7893
870
647
3765
3576
4030
7882
5212
3698
9875
7997
7940
1941
7548
9434
9070
4754
6338
6953
5590
7668
56
9182
8952
3560
3498
1378
2919
4173
9888
2733
8766
1234
2743
9455
3361
142
8273
4220
9320
4973
6218
9335
7476
1416
8715
4479
7853
1062
9886
7569
5795
1376
7277
3870
8937
4787
8622
6488
557
5314
7132
3213
2014
8331
9812
5285
1042
4659
1870
6396
9262
1362
8905
2699
7634
1524
3279
6358
2621
2469
8703
1312
3523
3905
7194
7486
6705
4879
249
8830
416
6237
4473
1505
3842
7894
811
2632
1658
7944
311
6779
4945
4625
629
4437
3741
2083
6505
7108
8075
9829
4854
2365
7222
2818
8055
9136
907
431
2157
7396
800
4068
7567
9781
2718
1157
532
3256
5421
684
3609
6679
4541
5225
8341
2863
1489
4533
4901
9082
7690
1616
5968
7673
9861
8591
5822
707
7217
525
9036
787
7422
9006
528
4327
8975
9345
1877
1717
365
3294
7469
1015
5741
4208
8945
1737
2324
6296
9521
9859
2091
2883
5528
743
5527
2535
8305
9308
6352
976
5837
6155
3884
6212
3152
6611
44
1175
5823
1936
8948
3332
9167
8371
9040
9481
2595
2589
3247
5798
4807
121
1623
7870
250
2485
3230
4913
271
7350
8036
6869
9477
2452
6746
1326
5623
264
6669
4010
4239
5362
8072
942
6189
3413
2040
583
8032
881
5896
4204
3721
728
6548
8744
3877
9787
7707
5535
8649
1749
2890
7766
3198
6639
862
5031
2707
7704
7098
6225
4826
3183
484
1133
2795
2879
8704
2328
8052
2916
2844
7384
3525
4358
4561
8339
473
8343
582
3948
173
2948
7474
1859
6032
1954
3156
8422
8940
2023
5829
5596
7360
8794
940
6873
9638
8857
7014
6830
8204
2679
4238
302
7378
9811
2861
9609
5191
6193
3682
334
1661
4941
3438
5924
7747
444
8127
126
4369
6964
4750
9965
2563
8448
3648
9428
882
7753
6456
2377
6349
9348
96
5930
5152
2932
3745
3078
2670
1590
6440
9868
3417
1576
5188
3913
2100
9309
6626
5967
4430
9204
7023
496
2031
9750
8356
9954
5984
7155
4245
1669
4636
9009
8276
47
7535
6500
6253
9686
8619
1165
9830
3723
5932
8041
1122
4677
6384
4056
2655
4812
413
2296
5042
675
2881
4906
5958
6266
1054
7219
1682
141
5879
539
7745
7791
3295
602
5066
8824
1173
1480
3440
6097
6377
1708
1167
5400
4934
6477
8498
3173
7032
216
2641
4817
505
5478
5296
3968
7550
9344
9002
5672
5914
5242
8541
1710
9328
6561
9961
1027
3310
238
9053
9644
7582
7086
5311
1351
7021
2247
6055
3823
1809
640
5072
5674
2212
3559
2210
2087
9133
4036
6257
2263
5460
5517
8583
7796
8545
2103
84
8133
5813
3575
8212
2343
4263
4518
6493
8323
518
4970
1509
5929
414
3793
3916
527
3313
8752
4020
5435
6913
9653
9677
6521
9821
9116
714
3548
7094
2045
6353
6457
6015
8345
7867
9747
9573
2571
6912
5530
4765
3181
301
7506
1663
8839
1724
2320
8813
8437
4954
4076
6325
7064
6118
8252
8208
2859
3433
5146
9930
5645
4120
6997
9583
3867
9614
9120
45
9589
1928
4018
8295
2645
9700
6886
8009
7136
7153
9230
2628
2807
4742
3961
3164
2185
1555
1747
2133
1635
6143
5185
7069
5246
3585
5173
4105
1014
5794
9435
10
372
1873
7315
1875
7508
5724
4187
7708
9714
1443
5662
1533
5378
3690
7257
6591
9252
8974
2255
9170
4905
8502
6547
5589
4501
448
3980
6144
4027
5735
1765
481
2483
2989
1396
1137
8601
1551
8616
5873
2836
3325
7229
3242
8387
8234
6010
5506
8369
9967
9973
3225
2225
6441
3840
1632
6702
8281
6481
1568
2120
2379
7270
9511
7768
6375
7159
9867
690
9004
2026
2204
1839
6080
4674
8706
5677
8079
5111
3785
7686
3291
6414
3919
8164
7594
5039
1393
4769
4108
584
7549
3955
4544
2228
2781
9111
6632
1390
2310
3233
6116
3196
877
9598
21
9480
9864
9996
865
4102
3109
6621
8657
4646
4449
2229
7727
4508
8911
3462
4903
443
6740
9433
666
2775
2958
2598
880
7762
3431
2088
6902
895
7914
7618
4357
8865
8292
7394
2721
2048
1142
6798
3549
1971
2867
2109
3076
4981
9596
2351
3341
6888
2000
6659
6376
7490
4099
7124
816
237
2683
5982
9060
9720
1589
4859
7193
8385
7406
2477
9789
5730
2152
93
3415
8592
1667
8562
3083
1545
3659
7878
2340
9350
9020
5555
4761
3719
2736
6335
2909
6783
3868
5656
8083
949
9190
9267
7515
4482
7857
2294
4634
4403
5376
5496
2801
3387
724
2869
1201
6031
1447
176
8995
5778
3454
157
5846
4492
6195
6889
286
1831
757
7154
6417
4641
9090
1811
3000
8472
4461
8611
3070
1290
6138
4442
8770
4630
9277
8870
2652
9149
6279
4291
1493
8192
9284
1627
4160
9323
1769
4194
4005
1061
7281
7756
2864
5678
6403
6662
225
8991
3584
6328
6168
6657
3595
8177
6836
9597
50
3197
3554
1725
1638
2865
9146
5087
2192
3773
6501
4109
8248
6252
5096
560
646
4459
1495
3991
4627
8651
4248
5479
1091
6575
1237
3865
1676
5264
5653
9978
661
8400
4537
570
2974
5977
9749
5807
5523
2341
7467
807
9800
7372
5315
6942
8886
6948
8297
4314
2698
2180
3141
7028
1068
1418
5138
6408
2548
2042
4825
4587
2281
2930
1606
434
2812
1549
440
59
4345
3391
4469
247
5834
555
1414
3014
7611
1455
9865
4427
7343
1084
9975
1040
2190
5604
4125
1975
960
7887
234
9890
6720
8063
4925
3847
4898
166
7297
9383
8707
2956
303
358
6241
8604
7259
6947
2143
6345
9107
2691
5891
9338
2280
8727
2125
4044
7871
3377
5015
9405
377
7387
9129
279
7483
6655
2536
1508
6868
62
1226
8407
3365
6233
6641
676
925
9404
2746
1160
3529
6120
5140
343
4465
9105
8143
9332
9164
1299
2622
3627
8141
6712
336
823
8943
5325
4098
1722
4603
479
7544
4494
3899
4082
8665
9063
5047
6320
8266
1017
2540
9325
7053
422
179
6784
3947
6199
2927
4775
1272
7929
3589
9913
2849
9689
5256
3518
7670
3739
2541
6800
9496
4557
5089
9432
1255
737
8328
7088
169
1935
4212
1441
4039
9695
535
4957
711
4404
1956
1733
5412
6054
8363
7000
1475
4774
659
2027
6554
1007
8469
15
1202
9210
3037
7957
4927
3976
3539
5811
1688
3661
2986
2462
963
2446
1283
3588
1626
8625
4959
471
3466
3812
2055
8184
5008
6791
9151
4127
8091
7734
3965
9413
8713
4003
5051
6273
9071
7537
7991
2006
985
8464
2205
4680
4864
6665
3997
1139
731
4460
4667
4628
4271
3582
1401
2237
9784
4904
4803
8000
3766
1529
7004
2547
8976
4790
2731
2404
5816
2499
899
4349
6717
997
6306
8290
5687
3534
8038
3561
4741
4162
1492
6552
5269
4675
8737
1719
9936
5178
4048
8856
3724
1814
9762
708
5882
9402
7712
9997
9764
8262
1487
4006
9894
4456
1521
7184
5962
5417
1153
3293
9901
6984
4749
4804
8279
1607
1668
8758
3736
8711
7534
950
1730
289
9456
83
9326
9073
7309
2090
3120
4471
6707
914
5052
4969
2609
5383
855
2684
8473
3974
4770
5640
7952
6764
8313
937
830
4190
513
8804
8906
5004
3889
4663
4764
4033
4413
847
7945
2837
1104
2832
327
4057
1986
3318
8116
6248
5491
1410
5049
9375
6538
1478
3335
8629
2071
4251
7234
4607
8602
7948
409
9516
1496
971
9543
2264
5887
2607
8129
3380
991
4698
4889
66
6474
123
3729
2024
9908
5760
4234
4281
8027
7856
6336
3255
5498
3880
733
2276
9331
3472
6824
6743
2715
7316
6413
2065
1832
3180
900
4943
1325
831
631
380
3540
5413
8720
8596
3201
1427
8722
4581
3421
9197
3448
4944
5657
5889
9041
4435
5154
5076
5370
1586
1990
7763
6173
6035
1004
2732
4270
9131
9186
9544
7743
1771
9214
7292
5023
8728
812
9484
917
7643
5073
1309
5714
5538
4140
1575
2728
6278
4978
7917
4575
935
1343
4077
9915
3455
7337
2953
3740
8687
89
7451
19
6261
1718
1246
4069
549
3373
5301
8993
8672
5361
8390
5166
9532
3038
6106
1358
4307
2813
3
7272
5106
2092
5664
4783
1678
1391
35
1029
4896
4989
2361
4110
9681
1353
7008
6649
6814
1743
1926
7362
6436
2972
5673
2511
8347
736
2095
9798
2955
9188
9141
8298
5563
4284
6277
1913
2806
573
1815
5045
3095
3241
1713
6206
8959
8609
185
153
2594
4080
2567
695
2022
3515
4443
7041
2914
3532
2447
6151
2203
7612
5194
5861
7110
4292
2064
4658
3394
5180
4998
1280
3402
3400
7341
9893
6137
6382
9258
143
5032
3598
4342
2186
2497
4221
6471
1194
2114
6099
7543
8324
7081
2949
4940
7286
2017
7433
9799
2419
4938
5703
4824
4784
6497
1947
5504
4091
7165
3735
5433
1731
5248
2272
7869
6013
4154
8576
9329
7445
1906
1161
1013
6677
7356
5878
5507
1055
167
6600
2189
6027
2829
1808
8903
122
5342
8698
4757
1779
3531
6570
8454
8224
7355
5332
2239
886
9972
396
9871
7609
6016
8237
3136
4484
3486
860
2774
8402
9114
9586
3445
4166
9694
8676
703
1605
9848
7531
6946
485
558
578
1685
2578
2637
6979
3624
7748
4719
3298
1567
2852
9079
1871
6004
2219
5512
4029
8633
7625
1083
9421
4042
5870
9562
2815
3939
3730
3714
2182
3514
1268
1433
1317
4567
2696
3918
7063
1592
3312
5862
2893
5127
8546
9438
3578
9306
4462
3617
2596
2967
2411
9683
4676
7731
2344
8863
328
3226
798
5347
5615
6077
1662
6633
9889
6959
8306
3701
9522
7429
7329
6757
7260
3334
5386
1649
3154
1574
2555
2028
3285
650
517
7571
2516
9395
2199
7141
8441
892
8197
1948
7533
574
9089
3381
3964
2779
8916
8080
9138
7512
9271
1177
6022
6768
6608
999
6882
4325
1798
1612
490
2936
4477
7349
3286
4648
7563
7732
8632
8327
6634
1991
5704
2553
8098
5463
1684
5682
4062
3358
4423
9143
9554
9127
5306
5195
3019
284
9542
9286
6372
6302
9031
5766
1126
1932
4556
6682
5824
4782
2468
7358
4759
9422
7068
1109
3326
5828
1530
429
5477
6792
4164
7262
6201
8227
6494
420
5136
4851
5203
8195
2249
4384
7644
384
6341
4845
2913
7730
7242
3757
5554
8114
7705
4850
7201
2297
7202
371
8702
9075
4497
3892
6295
2524
4019
3923
2710
5694
3451
4454
8359
9809
9148
9128
1387
6466
2150
2599
8163
8005
8218
7311
6758
6908
3041
3506
1332
1207
3276
3891
6089
3248
7631
1502
806
462
7920
3028
8990
8850
3912
3422
5406
7785
2586
8807
254
3577
9536
6182
3056
2769
6975
6749
6378
7090
9451
9512
6558
2293
5969
6202
6923
6321
6499
7610
7888
2748
2941
7501
5085
8815
7817
2047
86
5779
9042
6236
87
1712
1388
2492
171
403
8896
5363
7928
7688
113
9419
8173
1340
524
3781
1706
4272
2345
2675
7456
7979
4451
8840
8457
4548
8081
6762
3212
7580
2076
6362
4228
9995
1110
432
3671
7525
74
4936
3051
8693
8694
7684
8272
7782
5341
370
6526
1519
5614
503
4213
1756
8662
9578
8256
5909
217
310
5295
1189
331
3754
5424
5916
2929
2325
7615
3897
7739
1886
3397
617
872
9061
1450
6645
4756
8096
6149
4023
9758
2574
4746
1065
1982
6915
1665
4791
3115
3914
8670
5313
1918
3828
1826
5745
6568
5427
2514
9600
9678
278
2288
808
6156
9923
7052
6738
2429
1473
6439
685
6750
5663
82
251
948
2456
5129
2697
9697
7987
326
1233
8355
6833
3220
165
9751
33
2218
7070
2271
7424
832
7338
3017
6969
2906
7354
6268
9285
792
7967
1583
1435
6527
4638
7862
9272
1965
6523
9334
8680
2907
2309
8243
4481
5497
6322
909
7240
5338
4689
8086
9159
8413
8745
4616
4830
7680
9191
9195
3537
8796
931
5130
6003
3505
8642
4196
48
5621
5749
3715
8842
3607
8917
3921
9650
752
3762
2742
6337
4966
4195
9092
4644
6484
4619
7901
6190
2136
227
6462
732
3697
4052
1746
6780
2642
6402
6987
5037
4279
567
6371
1099
3101
6588
9180
7941
8992
2493
6123
2211
6393
5934
1273
7282
8411
8500
3924
6765
3172
229
3995
3675
1227
7647
5253
544
6631
7388
6145
5906
4287
8365
2704
5059
6640
9825
2400
3928
1518
8074
3322
1978
4250
4136
5330
3634
3331
4031
149
9321
134
6549
6065
9412
1864
8978
5286
609
8578
3922
5088
612
3935
8189
2997
3299
8044
9196
1420
8045
4141
5884
7996
2686
7249
2099
9169
6017
8110
6905
9912
8828
6410
8171
4512
771
6085
7774
6472
2149
5556
896
7564
4388
2240
6853
196
2390
6732
759
3035
8479
4216
4786
3975
5652
8700
6991
5609
5054
6673
4809
9832
3425
5855
3660
5343
1464
6615
9828
5685
1754
2532
6652
1998
8051
2996
402
5542
1512
7751
4464
2910
8495
4001
4985
8418
8899
127
6451
5991
4385
2839
6515
1449
2850
7651
6831
6968
1714
863
1924
1624
894
499
398
966
252
7574
5985
7346
2001
1572
1286
3933
4334
4976
7001
5787
9253
4211
435
7323
3527
9314
8660
456
9927
3855
7858
2375
8322
500
954
3392
8554
4066
540
1655
8955
9944
709
928
7344
1222
1225
1796
9529
9620
7905
9349
315
8618
9803
4321
9897
8775
4186
7717
754
3210
2244
292
8140
8334
1940
804
5288
7454
3468
5414
9660
8267
4514
51
6938
8984
2012
8381
4860
1044
6029
5186
2643
6918
8833
5476
2101
4559
1542
487
4475
2917
2038
1266
9574
6348
5622
7985
498
6115
7844
461
5184
8726
4578
175
7924
2735
8174
4306
3416
4931
905
8690
957
7066
9244
9078
98
5532
5022
3885
6687
3759
5959
6208
1063
2518
9935
4884
998
9991
4122
7105
1720
1300
7233
8550
6958
9226
2451
9957
3845
5799
9896
1884
761
2816
3810
9948
3940
861
3211
3359
7875
5524
7557
7175
5232
1923
7675
2687
2356
9181
6473
3993
2606
6088
1259
3820
6370
7017
5561
7810
472
3636
2619
1094
1855
2826
4867
1593
3835
2627
1591
1755
8150
2579
2179
5081
9508
4531
2824
4396
2253
4366
6043
5202
1228
7402
2442
5681
406
6823
8894
2640
2797
883
9026
9906
3944
5831
6326
6423
5843
135
9524
849
4521
9289
7003
7784
1497
7499
4308
1208
4483
1149
9307
1205
1366
1405
9465
1793
3149
3157
4468
7655
9476
665
5069
5552
6803
3625
8289
8650
4551
1581
3704
2925
7656
8885
4225
852
8966
8368
8800
725
964
309
300
4743
8961
454
2305
9523
6551
9685
1677
508
3131
4392
2342
2260
1223
6563
9866
3670
7215
1217
2940
1578
1112
4525
6680
4721
8938
6044
4092
4129
4740
2950
7697
6531
419
7657
6546
5953
9427
1253
8312
9760
9368
9251
1837
9493
4696
3963
8065
2245
4146
4429
8573
282
746
8981
4086
6255
2985
1465
8137
8738
5220
686
9232
4114
4716
3465
1307
8751
2115
6061
6699
550
2489
7232
3594
4612
705
3314
2912
4695
6542
2002
4053
5619
7434
360
8934
5950
4632
5602
4568
7585
7225
8209
5375
9775
5438
8644
4134
906
2741
1198
7203
7749
4834
4219
4997
1075
4846
6695
219
1113
6399
9909
3546
2894
6235
4915
6683
7801
5328
347
6801
9221
7448
5712
5260
3175
9667
3861
4370
4050
7638
4377
9563
6651
1601
6046
1101
5733
7842
2175
7351
8895
6715
8076
3363
3953
2673
7649
1548
4506
7096
5780
6995
1520
1146
4960
9134
1863
9054
8817
3989
3108
7806
4728
6751
5937
7446
781
7823
1615
9304
5128
489
4041
9782
1792
6625
2414
3061
3895
1952
1515
2880
2604
1385
9382
5209
8695
6813
3778
5853
2921
8741
4170
4233
7093
6234
6012
7742
8423
2591
5461
8475
7325
7089
2222
3053
8043
5239
2173
8772
5595
4450
7395
4276
2646
7744
7078
1596
667
81
9636
1987
6660
7807
7729
6794
7724
8552
7385
260
8652
3569
3339
6291
9312
2449
4309
8888
3442
8506
7460
2426
9651
4028
9801
7752
3827
7404
1694
3616
8658
3508
337
3441
8538
6351
8802
7307
1686
457
223
7263
9239
6051
8584
491
8282
9726
8379
94
8104
3067
5495
1484
8293
5114
3524
1543
710
85
7416
5638
6612
9387
1043
6429
4083
8771
3389
2172
7111
163
4665
8708
5322
799
6653
1079
5544
4811
3815
8018
4155
8403
5865
8548
1145
6920
2800
2061
1130
1969
6299
5036
9881
747
633
8283
5035
4962
6898
3352
1086
1778
6722
581
7463
8877
3372
3705
5830
9495
3221
2943
543
3153
1448
6805
7079
6068
3893
7191
5725
2041
2730
8185
43
2056
5737
5739
7832
5808
7692
5650
3604
2963
9555
6797
469
3662
9249
8689
9733
6104
3267
1995
7465
753
9327
6589
3979
9840
6713
8983
3688
8909
6506
5007
6936
8206
3911
7382
8795
7245
7253
5925
501
1041
6610
8947
304
5693
8717
2618
34
6083
4090
8321
842
4771
438
7065
1251
7852
1238
5847
7780
6703
8112
5333
4209
2464
2521
9160
9955
4788
4217
5397
9109
3601
4425
193
4188
3832
2973
7973
1566
1033
8372
5597
8200
5890
5825
7689
137
5237
4710
5598
5335
9744
7503
506
9822
5071
4313
2074
9880
9659
3376
433
6627
9704
8187
897
2315
5797
3099
9371
8271
1835
5387
6635
2690
7134
6298
7386
5898
182
8070
8007
7831
3796
356
7849
9752
2231
316
9723
9862
7407
8301
9034
6034
8287
5775
7629
486
8778
4950
5208
4678
2113
1144
5713
6541
1303
6058
1245
1425
9126
1979
5782
9988
3408
5639
3839
5043
2745
6107
1374
9921
1857
9203
1096
750
3878
8516
191
2432
5948
3581
6014
4760
1239
2223
6392
9535
8897
9174
7581
5871
8304
8119
3182
6834
7760
5838
5720
7790
8424
8494
2954
585
9654
9934
4654
767
9623
7173
5551
2689
4996
3504
4356
7156
1412
8491
9206
1896
3774
620
5668
5020
2335
5095
6952
4615
5636
8320
7186
3681
195
1958
1331
4079
1395
9112
6445
1297
2105
4801
5801
6522
5026
2230
5484
7505
4555
5788
1257
4572
9222
2549
8113
9850
6256
1411
8696
8923
9879
7383
2488
1419
7280
8503
8527
2740
888
6845
31
6895
6109
7381
3545
1600
2226
2754
8989
3637
7715
688
2053
6598
530
9256
8415
4584
3046
3550
9500
5510
7902
3280
7593
3348
6166
5353
3926
3571
3694
8333
4733
7300
6221
1942
6333
8617
3722
495
7419
9958
1148
6430
4227
9220
3084
1748
197
8520
2507
1488
7719
6066
1785
42
7480
6989
7799
245
9494
3215
8749
4116
6312
1687
9874
2503
8358
7119
8697
385
5115
6246
9842
177
4197
5275
9283
1162
8375
3184
8779
9361
8582
1038
8646
2063
4805
6053
7955
2308
5711
5874
6539
4259
1882
8922
778
6174
843
1847
4995
5508
994
8789
6940
1030
7285
8264
3809
449
1429
3626
1333
3817
190
5366
130
7320
2777
1865
7627
9546
3656
4724
228
1950
5057
2918
5553
2975
9369
6883
1292
4802
3638
9717
1762
7083
5409
8054
7251
7850
3333
8136
7420
8302
2931
5490
3896
8326
2352
2482
4131
7570
3776
6064
3713
400
8263
373
9732
2605
6595
7607
8380
7526
8533
4017
8047
4040
1897
2132
4911
7595
1361
2273
5302
9122
2957
7209
7881
7903
8131
2882
4536
3528
9699
1850
4147
4897
7035
1302
9847
7413
2137
6863
3459
3787
904
9691
1398
4420
9132
3966
2399
3628
8467
8099
6745
4516
3138
3623
4230
6119
5125
2248
1930
1164
595
2994
8023
1973
4865
7107
9756
2326
7633
2134
2833
5027
4133
8736
8396
5345
1018
5364
9231
6391
9273
3700
8880
5000
8367
7578
1399
4560
6761
3858
243
5483
6748
5481
338
9860
2227
2358
9389
4256
8508
9113
7273
5688
8567
8757
6894
2350
7772
63
2773
3159
9721
9857
2416
2749
4078
2990
5658
762
5175
7313
2354
2727
7665
7781
6036
8105
5465
9430
8918
3337
4055
2523
4993
8956
3669
4633
4987
6759
7830
5644
8681
3195
5849
7199
8928
3657
7960
3124
1571
188
5182
986
4074
5318
6899
7208
7157
8450
7080
1513
6
4928
6388
7935
1073
9507
2242
8714
5913
2976
5281
803
18
2504
3500
4128
564
9588
9941
2638
4064
7377
3044
4502
632
7426
563
7435
4009
6300
6528
3908
6139
7835
3382
5648
3362
8001
7182
7667
3658
4668
3742
8982
8336
7939
1801
2705
7057
5
8787
5001
8157
605
546
6719
4684
901
2669
6661
8569
6876
7492
9669
7011
3087
7146
4294
8089
9887
1169
4736
8205
350
6786
7044
984
8474
6485
9604
9386
2153
4735
4647
5100
5961
9363
9295
6799
7055
7218
523
1869
6564
1843
4293
25
5167
5571
8844
3818
8384
4273
672
7461
1120
2766
3783
5634
6730
8
621
4148
9735
3875
7597
6838
4487
291
6286
8675
851
6259
951
7804
7736
4411
8910
3639
5864
2891
1966
6580
5139
9892
2102
4431
8388
1726
5475
9087
4286
8257
5157
921
5520
1916
3160
203
262
8763
2359
4373
8231
3488
3838
7757
5151
2871
662
2658
2752
2666
3011
332
6766
5432
3273
9533
6620
2291
8656
4520
4720
9417
3315
652
8210
6470
4395
4597
9142
7551
5250
4135
1049
2448
1125
7826
7663
1976
1741
5698
7876
8924
1974
2013
8585
8094
394
8226
8251
5183
6605
9971
5998
4439
8814
4452
9945
4354
7588
7113
8167
2585
6931
3512
9029
7558
1090
6196
4722
4300
6008
276
9786
6573
4145
2808
9241
78
5240
2877
3405
6367
8190
4579
9168
488
8318
9963
7659
7390
1705
1134
7925
8873
7005
7025
789
3227
2277
2636
4394
3475
5568
7296
885
8146
7890
5537
7601
3904
4595
1031
5380
3005
7200
3254
4571
9047
4891
945
4758
8087
5137
9910
6446
4268
1773
7352
9233
5945
8549
968
4739
8004
3190
3717
7645
3471
4649
7190
6971
1648
6425
2410
6689
3533
8930
9765
1613
6867
9841
7687
5617
2845
2937
2582
9263
9274
8425
9641
4930
3900
3257
274
5784
9018
67
6926
7714
3605
8587
8615
5308
7718
6666
3369
8439
6837
9647
8709
9682
6460
320
9855
8284
3803
1
7541
9007
9125
314
4138
2506
6752
9743
8156
1397
7019
6592
9302
2392
3458
2722
5626
8914
5732
7410
765
8626
4596
8699
4542
3100
3848
9780
1534
4726
100
4921
1477
1354
8496
2391
7168
9725
1912
5933
7860
2158
5715
1224
6576
4866
2233
3020
4737
6087
7455
8743
6178
952
1470
9399
4434
2299
773
7284
4229
723
2872
54
8300
1660
4440
3910
3344
3986
4200
9264
1631
9235
9985
1980
817
9883
8153
809
6269
325
8669
2438
6593
6021
3258
8790
7575
3478
3098
1838
156
7237
5010
4932
4002
7211
1140
7514
1279
4117
6924
961
1981
8357
2016
4841
1117
92
2302
1510
3139
1028
7895
5995
3224
9989
5608
6207
7128
6301
1282
7167
4305
6181
8414
3655
1703
844
7981
8731
8785
2537
4372
4538
8314
1858
2610
8742
3450
1595
2635
6916
8819
9843
8170
4218
2319
2206
3263
2472
181
6514
8509
1452
7332
5951
2085
6775
7348
5841
780
8309
3065
8405
8261
5541
9466
6254
2443
7511
8521
3565
4781
619
4857
599
2984
2846
4979
3784
4982
7181
8659
9269
1210
9068
9571
8031
1957
2831
8987
9486
6020
2701
382
5643
2613
8108
1988
644
1634
3414
6540
8214
4264
504
9766
6788
68
7243
6449
5126
6284
2550
6619
6781
9580
9987
5949
9100
7123
1683
972
5029
7539
4493
5145
9003
1155
7773
3837
1797
90
4734
9225
2380
6810
160
7230
5168
8015
2110
6566
9175
4715
7290
4670
8667
1352
6874
2544
4153
4235
1322
1618
1674
8180
1608
1909
8481
8732
2657
7046
2368
399
2407
1409
9710
3360
7246
9907
4142
2505
4438
1022
4406
6688
4383
6617
1787
6098
7452
3193
930
7370
6804
1471
6970
1199
3951
5659
4417
537
8482
2558
2474
9947
2094
2681
7841
8933
9483
9952
990
3727
5696
7034
8767
1458
3418
6572
2470
8734
975
152
255
9439
4738
7310
4222
136
7641
4894
6450
5132
2434
1609
5204
9403
3547
7545
2428
5701
8848
965
7777
3957
9527
7507
246
2128
1346
7916
692
655
598
846
8748
2570
3012
5769
4744
2035
7179
9255
5758
4391
7889
5141
8518
5401
670
9993
868
5021
8761
4295
6925
9969
1178
7075
1242
716
8780
2251
5473
1644
4565
8553
1738
2043
6308
9058
1115
9166
824
3538
6369
9737
7427
9884
7496
681
3118
186
9966
9581
8643
8330
4523
5384
2050
8178
2851
6344
1827
7185
4499
822
8030
8515
6628
2066
1288
6209
9587
9418
8175
5426
8781
6976
9498
189
3026
6172
7106
8950
4100
6710
4037
1460
7082
3351
649
4796
7289
9716
4924
3728
5074
572
4631
8067
3843
8020
4043
7100
5973
8832
3007
3374
2431
7207
884
9492
6847
5844
944
2965
5449
3501
8012
6214
2295
3236
6929
2121
5255
4547
8847
2601
2842
5160
6222
3439
7833
6158
230
1019
7839
9566
887
8260
4550
7560
973
3631
3460
3573
1124
6422
9440
4833
412
1767
8325
2005
4299
6074
9603
6716
6428
5471
5381
8803
97
52
3949
6656
4639
5077
2782
2037
2602
1506
6309
170
1305
815
5440
2338
1370
3271
5452
1131
5613
1895
9528
321
3324
7322
3469
7231
8610
1119
1209
2991
6327
8973
6865
1845
2332
410
7926
8931
8845
3556
1905
1114
9755
3777
9977
6347
8486
7073
2370
27
5067
6691
1907
8942
6670
3562
8829
3849
6455
1939
5804
4975
3635
3016
5218
7771
8230
9949
3794
5700
9364
3841
1536
4747
3265
2501
7931
7062
4205
3663
5107
8477
1745
1872
5034
3234
9783
2693
6881
1171
5280
2279
3791
2224
9372
1003
4387
280
4622
8353
6152
3683
3542
7129
4065
6756
1486
3143
7101
3237
7741
938
8674
3764
7177
9278
3903
5371
9374
936
3346
6686
1008
2209
785
5368
2860
9287
8944
2169
9275
8092
5272
7051
6562
7048
7880
1628
2780
8488
7947
5120
9933
839
7654
6818
9962
9425
6594
5404
2318
3069
5334
8010
8478
4606
7891
5354
3300
3711
4254
1888
9943
4326
3566
989
5777
4088
3983
7466
1757
9152
8825
2539
6692
6161
9499
5061
2992
6935
7983
7347
3121
1363
8416
6855
7720
2412
4664
7517
3572
4990
6072
3251
3013
8455
6555
4926
622
3890
7829
5900
8677
8223
2458
5080
5579
7942
8936
305
4666
932
6401
9414
3826
6150
5005
1186
5773
2978
8497
8986
5377
9081
129
786
5805
1949
6825
1147
256
4699
7275
9072
233
8925
5113
9091
837
8125
4883
4643
3048
1764
8377
9218
8654
1159
9353
6789
9346
4106
2316
9818
982
8590
7872
9362
3761
7783
7711
680
5090
9319
7239
9066
5396
7587
9023
7484
8434
9946
2951
9139
1651
8846
8097
6082
1181
2791
1781
6544
9043
7794
8493
7982
697
2823
3289
820
6444
4035
1051
4907
5257
4988
3071
9674
2476
4180
9154
1625
3427
9617
8631
3385
2714
150
5790
3343
6179
1188
4265
9468
2988
1887
7303
845
2959
5024
7198
1438
3864
7039
5618
1135
3102
5135
9099
4118
3650
7056
1599
9144
5123
3114
1220
1861
1707
5339
7620
5935
4262
3357
4103
2166
4847
2467
2135
840
8627
4900
1531
3836
3744
1617
4852
853
7946
1032
49
9358
8816
8115
3615
1016
7495
7210
6990
913
4974
4280
6709
3873
8219
4991
3886
9165
4302
6389
4999
4104
9914
6191
7883
2275
5298
7879
6243
962
9471
552
58
7235
3606
6038
9461
1085
7988
6380
5165
6986
5827
6424
3003
3274
8572
2187
2905
6303
6643
8446
8142
5310
3287
7139
6482
4730
556
6578
8449
3946
1898
8557
8913
415
2534
6095
2070
318
739
2999
3188
6567
3511
9951
9979
4948
3673
5793
38
3269
6070
1696
1466
5402
6755
8128
1285
2757
1078
9376
4472
3718
158
6681
3096
4331
5893
6084
2884
6731
1671
5625
8843
8182
5110
1468
4592
107
7555
9193
4410
3725
5880
8134
9282
4814
425
4778
3482
2349
3158
810
3428
2538
6851
6684
7728
8445
9612
3973
7813
124
140
6049
6974
4605
9531
7319
5529
6127
1860
1248
7779
9163
9472
1469
5783
9876
1071
3649
3208
8563
521
4702
8575
2111
3990
8812
1247
4590
4367
9098
988
6937
1463
8701
9057
6674
7962
1371
4416
2980
9550
9340
9990
575
6453
2397
7865
9863
5691
3640
6980
8511
3952
7326
5592
8158
2312
3024
2739
148
4210
3808
3580
2802
2466
6076
3292
2313
4201
3814
2827
3959
2378
2788
7568
6426
1072
5012
7391
3541
7145
8808
4617
458
9457
624
226
8057
8919
2672
9670
1211
8408
4683
7030
4956
363
8211
6827
3611
4594
8542
3023
8296
2389
7990
2862
6579
4060
6782
6478
5679
1715
5734
1774
4554
2495
5820
9370
288
4320
4836
1915
4476
8692
3055
5635
5134
9145
1695
9086
4517
702
5337
161
3008
7811
1213
8073
8760
7304
9388
6690
6939
3336
6776
5601
2213
2060
7622
2649
3207
3094
3388
742
772
9509
8311
8101
3106
70
313
6983
5845
4887
7604
8551
5549
4179
3398
4686
4872
3770
2300
5854
28
8332
9836
6197
5727
3378
9673
566
3938
5610
5905
2650
7793
342
46
3148
1436
4436
2662
7268
1277
2168
6622
3860
9610
5116
5806
3375
1652
9774
2417
3917
6906
340
3932
8269
2838
12
1046
7923
1244
700
3497
8117
2562
2840
7873
8046
8034
2603
8524
8245
7921
758
9895
7308
7603
6395
5970
4182
682
4869
9539
5282
1989
4382
1643
8979
1216
9268
8480
4193
7067
4400
3909
2436
5513
9664
1306
8286
2025
4876
858
878
9804
7353
3350
7367
5101
8084
7770
7922
5365
3871
9823
4422
8645
1692
8017
281
9548
8374
6110
154
9518
3260
4491
5612
9502
7333
1959
91
4942
7022
2256
7868
6646
6821
9646
734
9605
4051
4024
7521
9776
5501
9153
664
611
7357
2674
4361
1763
23
3436
1917
1106
6706
8203
5747
3507
215
536
6140
8920
3967
5994
128
6658
1163
4569
7710
3574
6944
272
8278
1761
6438
1132
3702
7797
1818
4543
5570
3586
3888
3126
7430
8985
1985
9343
2494
4529
268
5391
366
1080
8109
1558
3368
430
378
3222
367
2238
1158
2933
8249
1025
1879
4161
6530
2181
4237
5226
6147
1946
4000
4946
1630
5546
8489
1252
4288
4700
3503
5193
3491
4895
4933
2093
3452
4653
5263
981
3490
5670
3863
6357
7494
2620
7265
4513
9903
2161
329
5197
9228
3429
344
6018
3790
3349
6039
3409
201
1735
9217
4240
6216
2723
7040
2737
2803
4892
1782
2347
9012
9409
5661
7854
6063
8874
1951
5407
5786
2348
6532
3187
4838
1983
2287
8801
8957
9313
9093
5448
1154
1243
1118
7816
9656
1192
6587
9281
4819
6583
9938
8589
7912
1187
5771
5124
5289
5002
7488
4376
3758
6678
4729
8862
5346
9567
1100
2724
5986
2885
7195
2306
2140
7884
8797
8634
2321
8294
4343
7788
3699
9671
8540
2711
3066
4266
9410
9869
5627
5278
4687
2084
4224
4640
3089
6057
3301
4130
1417
8277
1369
9450
6535
2021
1602
3931
1585
1183
7401
2551
1035
7845
7071
6162
8199
205
6774
6198
8628
9637
8194
601
1184
2396
6519
7696
5540
6359
8069
9570
5895
9916
2112
9540
1902
7769
1082
5177
6854
4922
9279
8510
3246
6872
3025
6999
8068
2373
768
5877
6042
7447
5606
1375
6227
5765
4692
466
9676
6030
7765
3869
1284
4407
7204
5547
821
5578
6132
7590
1786
5833
5369
4992
3393
2427
8858
4951
8166
2678
4748
8559
452
4589
2174
4289
7389
2252
164
6025
2051
2333
8003
4793
7552
7892
3473
32
5164
8577
4986
3342
628
9357
1579
354
7468
7700
6648
669
1501
7661
738
519
4332
720
4706
4810
6203
7409
4115
1647
8406
8598
8078
1823
9772
7679
1342
5754
3945
9497
4599
7138
1009
3824
5632
9470
856
8118
3303
3822
3027
2623
2928
1999
2648
1394
5258
9722
2771
3476
2405
9981
3199
1377
3746
4717
5003
9634
9853
147
8144
5856
3231
9920
4795
5356
8427
6468
2825
1526
5038
2337
1666
2197
916
218
3321
2106
3001
4419
8436
3806
7301
920
2526
2569
6280
6406
8349
3720
5324
3489
3077
2081
5207
3151
5752
5904
8410
2793
4126
9547
9591
2847
7907
2654
4714
8458
5852
437
4253
7786
3049
6416
2629
7472
7803
1327
5572
5992
8964
679
5437
4823
3775
8791
2552
1269
8438
9294
814
5567
297
6725
2200
7671
6569
718
7117
1775
6949
3304
222
5199
5006
5019
7721
296
5293
221
3330
587
5046
1204
1088
6126
4386
2508
3672
7471
3029
3499
7314
5867
967
6419
1421
819
1993
2513
2459
4503
6459
4588
8111
9485
6052
7327
9558
1562
1911
5223
1880
9665
5109
1350
6250
2455
4226
1254
3680
7397
8678
5234
8412
8362
9396
9048
866
5960
5482
9882
9983
391
5743
1507
4371
468
8196
7523
4637
7847
206
1514
9039
9526
2262
397
1744
9928
8929
565
745
1265
2517
7943
5265
9270
4433
7642
4283
117
1878
613
333
5320
4929
4304
1127
6124
1422
8788
7061
3994
4709
4545
6135
6694
275
6829
8867
3831
3731
6390
6007
7125
1967
959
9069
3679
7437
1910
8890
3481
5425
6121
7212
4022
6465
5222
6518
61
8319
1856
9661
6258
7650
427
5564
3176
2454
1373
3706
3960
6142
1424
7477
3132
4397
1461
8016
9986
1330
673
7442
5118
5307
2581
3852
6613
5172
2374
1637
8258
5885
7583
9956
677
8564
3039
2475
1729
7331
2767
6496
9980
1547
3551
9381
2478
7861
590
4862
3570
1446
8432
4582
4202
6928
7361
4920
7020
2057
5581
4156
3943
4789
2960
102
9293
9448
4822
4727
1504
8176
103
6891
9922
1056
1364
8391
6802
7029
2098
5936
7335
9953
2615
7992
7458
8275
2904
5839
1357
7547
2145
131
5759
2421
9785
8951
1058
8820
3371
381
4918
5131
4231
7174
8465
8265
911
2020
8019
2821
6381
9926
8721
3430
5245
8526
7778
9525
1780
1903
3674
6210
3062
253
5966
2772
5671
7598
1922
4159
8040
1107
3620
4935
678
7758
9065
2366
9366
5987
1323
4799
5897
8350
8183
783
7312
3678
630
2855
7896
118
4458
9491
7441
9288
244
6988
4340
9684
5624
494
6398
7236
6090
8826
657
8535
6343
8887
4424
6885
8882
9579
8048
3449
1318
9416
6146
2897
3712
9585
7951
5705
2450
1315
4848
7658
8346
3443
643
3902
2435
184
1540
9679
1341
5503
4527
3130
4324
788
8810
9095
3929
6282
3088
8864
9300
5060
6556
829
2946
7274
5025
2108
7963
5323
8776
9265
2790
3970
634
4510
5305
6114
6921
873
2
9601
6790
374
9705
3379
3043
8579
1921
3278
8783
8042
3972
3716
2873
4610
6904
3323
4261
6574
7906
715
8949
8871
7573
5291
7863
3086
6160
348
1716
1057
2923
9819
3122
2616
5244
1821
7498
7556
5718
9918
2580
2708
7678
3480
653
5559
9088
2214
4123
6848
2430
4364
2502
8523
6228
144
869
8310
8351
1193
3882
7965
7077
7702
3356
8193
9077
3950
3129
4681
6102
4953
1528
5472
319
7491
4515
698
955
4703
6897
6263
8664
1203
509
6452
6232
2653
7950
7800
5509
3006
8442
7502
8719
9173
2962
2531
8106
3552
4899
2920
9902
5774
5756
3097
2073
7623
1984
7411
4832
7031
2243
1230
9426
5717
3593
8152
8095
6513
3075
8878
7709
405
7033
7006
7171
6862
4038
6361
6354
4886
1819
6965
9666
7143
6992
2127
1214
9793
5972
2159
6340
1752
591
2853
9443
6993
3189
7909
6893
9904
9552
7666
2759
4414
2899
1431
5939
6334
5065
460
1943
2789
5493
919
6093
4524
4421
1151
1479
9384
4275
4798
3645
6096
3526
6454
6525
4075
4573
5518
9423
5143
654
4958
3399
7579
8147
5918
3521
1328
5980
1047
6245
109
833
6091
5651
1680
220
7866
231
1143
9437
6584
8730
6787
1356
547
9209
5859
5436
2979
8522
6943
9816
941
6047
6315
6742
3249
562
7380
3412
6623
4623
2656
1820
6962
322
3229
2945
7170
1108
1925
2755
8941
9844
3996
2330
7970
3288
9377
7602
2734
1103
4466
1914
2639
3987
9802
8836
3800
4463
727
9616
9185
8747
3309
1511
6379
1854
6724
2892
1552
2584
1846
5983
6434
1841
9156
6432
2402
6672
9124
2372
5228
8317
9415
6844
3403
6966
459
2554
2878
5442
1693
1481
7640
3613
4412
2176
5631
3695
4402
6961
298
2044
2369
6026
4191
5979
9940
3998
4310
4296
4776
2935
5229
4601
447
232
2770
4532
7036
9219
241
7359
6511
6442
9613
4682
7824
390
4445
554
4096
9339
5456
9250
8155
6101
5398
8513
3259
4763
7676
3167
7172
4968
5451
791
5499
6249
6292
5511
1516
4337
7529
4916
2486
6071
7795
8624
5016
5099
3123
2289
1810
1758
6581
9950
1111
6443
2600
1732
6435
6331
6069
571
7092
9022
4661
9360
8746
8021
3250
71
4457
8233
2983
8866
8528
7605
8059
7470
6498
2160
9791
8805
7058
6806
8443
9032
2677
5455
8124
3127
4874
9119
6495
978
6374
4318
3971
6839
3407
5584
1816
2473
7425
1891
5997
151
6616
7457
9318
7726
5205
7913
9084
3686
9559
1697
9392
7908
1360
7256
1569
1753
7636
4008
9701
5312
9429
8222
1301
9123
2178
8635
6624
3147
2487
5147
2167
8653
3105
3272
2792
4772
2566
9576
3384
9330
9008
8039
5459
6597
5064
5707
9974
7489
561
4912
1359
7371
80
8607
3516
1611
3030
9668
7432
2123
224
22
8799
874
8750
7500
6111
3743
4144
1573
7695
4107
2119
2875
1972
5119
9530
9706
7140
4093
9199
9713
8932
133
4813
7013
9067
668
7149
6815
6973
6508
7510
5963
1310
7306
6910
1267
1298
7228
9715
5974
115
926
7183
2787
9577
30
187
1564
9238
9367
7886
5954
9858
726
893
1275
6571
5835
6618
5521
4054
6288
9815
392
8255
6483
9436
212
5558
3750
7258
3664
7189
848
5372
5726
7414
4311
7417
4837
138
8784
2814
9117
1736
1791
651
2413
1174
8818
6696
7738
5360
9183
8729
6081
9748
2830
3752
8217
2004
2854
2418
8774
9254
9211
813
1276
5200
4381
8050
7900
5917
2054
7836
14
3666
7450
8504
8401
8608
1456
9624
4797
4972
7261
603
5055
3252
7787
8907
1992
7192
8647
3033
3737
5189
1604
4097
9615
9627
6590
9140
6819
8254
730
1345
5102
346
3590
9452
645
6901
7221
5526
7074
5750
2481
3253
3603
6405
1802
6520
4498
5355
9763
9672
5098
6067
8246
9390
3600
4389
9730
3689
8501
4535
7589
9658
3874
8603
3988
706
4198
7440
1067
1654
1789
5519
5422
6529
105
4432
8753
6264
4591
9147
2583
6900
436
7821
8571
1955
9891
4585
4095
269
1050
763
1836
3811
3856
4785
5112
5940
8710
6769
9619
6978
2046
3563
7994
7161
6644
1059
2039
8505
7632
2207
4882
4157
4546
7660
538
3031
2124
947
2763
8028
6157
8686
5993
9317
7635
7761
8060
8536
4723
9594
2388
8773
5117
2577
7937
4685
2068
7408
4269
3281
2799
1784
5144
1314
3978
9365
7321
1770
2798
1176
4267
9085
3169
6186
4058
353
5041
5210
7127
4322
8382
9097
7959
3446
9657
1734
2148
7271
9208
5923
2709
8792
1523
3457
1927
9992
9297
9391
1339
6509
2420
7694
8216
183
5444
6747
6316
4635
8360
3232
7989
4176
826
8035
5348
8630
4298
6770
9420
5560
5789
510
6086
6860
2463
9234
5800
5290
7995
1968
2155
5796
2886
2241
2422
6285
4150
7345
9336
8037
3703
5133
9675
7975
568
6767
9212
8891
5261
7133
3270
3168
7216
7706
8228
3366
2559
4046
6448
6365
4688
7553
623
2572
7802
9510
3296
8869
3021
39
7255
8444
4336
7328
2895
3696
29
5628
770
8512
1077
9856
7166
4072
5975
7205
1010
1603
6512
5214
1064
553
6856
1739
8668
2034
9702
5169
7024
7135
2700
4977
132
2587
3748
2322
9237
6229
7226
7340
9108
3059
1274
6437
5227
9768
200
3687
9629
9337
4139
5729
1402
5709
1392
2317
1344
9200
6112
9994
5944
1218
5249
1249
3364
2573
3969
825
4363
5344
2465
3367
2667
1689
8822
263
2360
5583
8236
9761
5454
9301
4149
6183
8671
1900
351
5411
6843
5763
1554
4820
4489
9734
6041
3107
8394
8419
2461
2307
8637
5594
7163
6510
8613
9257
5576
5899
3513
9924
8529
9261
9316
9727
4319
2196
4070
9643
9025
3214
8483
9696
9045
2703
1454
7792
3799
5121
1844
9400
4509
4873
6458
3630
2947
729
4444
2680
3981
6103
6219
2828
3072
2876
3133
26
802
719
111
9564
891
5883
7864
7248
8673
7733
8395
4745
7674
9982
7439
4570
956
4690
7178
4490
2117
9833
2564
6045
2393
3206
717
8026
2144
1348
5388
2118
9030
4244
9013
915
987
589
9453
5179
6735
7102
5981
9595
7392
389
5086
3177
6332
7608
3668
7986
6167
307
3520
7969
8725
3052
6537
4539
934
8471
6079
4840
4971
6517
4952
4534
827
8786
2688
5955
6871
5033
3795
8655
6242
8123
8179
8361
2512
7846
8854
8996
6427
6559
4651
3484
9243
5017
60
4199
4707
6807
1659
923
5926
7436
3320
3599
24
6324
6911
1889
3305
9094
8962
7254
7121
6305
88
1241
8383
2776
5487
3340
3647
3217
5216
9322
8490
4870
2282
5485
974
2665
464
8967
683
3653
6447
4007
9805
265
6614
1291
6773
287
7613
7958
3763
2089
1919
6480
1517
9593
5162
4835
2015
1423
6545
760
4955
1491
8181
2164
3223
5155
2530
2441
9037
8240
2970
3047
6287
1386
2820
7118
2367
515
7538
2184
6136
9103
1629
5655
4583
6638
3643
4378
9059
9276
8487
8765
903
4223
7299
3708
9442
8739
2009
7398
1215
8514
592
1367
8492
1182
1561
6917
580
3317
1092
4390
6176
155
6476
9172
9150
5550
2303
1020
1817
1550
6945
8008
3209
9137
2423
7993
7648
2129
9028
4247
9062
7045
7095
4655
8860
6981
7009
3328
8683
9545
1565
9707
6023
6492
9998
782
2268
7754
6125
4910
908
6982
9790
639
8397
721
4246
3144
3502
6409
5352
2221
119
7516
1319
2362
8764
273
5196
7266
9625
8977
2848
5415
7018
9115
2460
7288
4712
4011
6373
3058
37
1874
3437
1812
5458
3110
7977
5408
6763
2903
7825
383
5545
3802
1156
6955
3165
9462
4967
4317
867
7431
3907
9176
1036
6586
2069
8718
4178
6607
2543
1150
7677
9280
9227
7672
2509
110
4505
2437
5866
5488
2527
8440
9932
6864
6553
145
1093
8831
5943
2630
2939
5224
3906
106
3283
7405
293
9773
600
6260
9837
9698
6711
7197
9010
8908
6033
2198
7683
1365
8029
6817
6421
6585
569
2592
3390
5079
9813
2764
2900
475
5309
5695
3290
3262
7978
3614
180
2146
2778
7317
8902
407
5382
774
1840
8881
9628
5569
7109
2810
2314
1045
7954
3771
797
5394
3621
924
3786
388
9599
6011
3530
6001
341
7838
1633
8834
6778
4780
6676
5013
5990
6606
3467
1476
1037
4368
5637
8594
2336
1657
6397
386
2259
2220
2163
7047
53
7789
290
2694
1503
9806
9038
4249
7542
5863
2922
4351
1060
1195
8999
6729
7453
6994
4609
266
5447
4656
2866
3245
5423
3642
323
3807
6418
8733
5464
9021
5319
9999
330
4818
1934
9441
6550
3200
6163
7532
465
4184
5292
4348
2692
980
1522
3091
2408
2565
3284
3813
361
7169
2079
8392
8354
2685
112
4143
116
2484
9738
6290
7479
9205
9767
2415
208
5817
5159
9035
8600
4112
795
4119
793
5430
7122
9808
64
1740
9478
9742
1168
7934
5946
3602
7685
335
2625
3474
9406
480
1024
5462
2561
6890
8011
749
4777
5489
5792
4713
1335
2424
641
4081
9779
4355
4480
4
6486
5996
1636
8723
3282
751
5247
995
2003
3992
1389
6188
5577
2266
687
8606
5872
6922
7342
7637
8532
8291
2261
1069
1853
1656
5108
2762
722
5764
2556
4808
4908
4172
9719
9198
1400
4167
2510
1349
4914
6310
3691
4507
451
9810
6113
2334
1190
6040
3494
9792
6629
5858
5357
3633
4012
3355
6078
9849
5740
4426
7998
5266
76
5450
5474
8274
3925
3519
2887
6294
1334
5665
9473
7584
1825
294
5574
5316
5746
8684
6858
2008
3477
345
1439
6134
1467
2870
2195
6329
9052
4061
4330
5722
3496
8901
8685
9050
7493
9652
7819
1457
5201
1664
6274
1403
1994
6892
2141
3329
7428
6861
6019
1278
2018
2387
6812
6283
593
576
7443
3228
9645
1089
805
9618
1783
8581
6187
6927
4488
5719
8373
658
5723
1597
9505
1235
9687
1527
2528
8666
9630
3383
5331
355
3977
446
2286
741
77
5048
445
8599
3244
6050
3851
4878
3693
9568
1679
4815
744
3592
2285
9192
368
3883
9534
1329
8207
4474
674
2834
512
7614
3268
3074
4207
1295
7528
1800
735
8452
3015
7837
2107
450
4540
6490
9942
1172
4089
6654
1105
3423
5190
2841
9584
1462
2902
796
4346
7722
4868
9506
73
1500
2058
2981
5502
740
5785
1383
6826
8921
9354
9475
9873
7701
8022
2631
7130
3747
5030
2154
6177
3941
9245
1525
6002
9490
5056
1347
6223
5230
1862
4618
8162
8149
7137
9201
2116
146
6701
1005
6932
7012
7809
5410
6100
5630
4800
6185
3054
3685
7932
5947
626
285
6205
1953
2078
8876
9885
8404
8793
1231
9561
2311
2717
7805
9187
712
4731
7859
3522
3543
2479
5988
7524
9380
1996
6117
5812
9398
1074
2217
9565
9074
9814
7814
8555
4278
7252
8270
8566
7915
5876
1442
7599
7530
470
114
8120
4574
6998
1833
6866
8126
9708
357
9024
6128
2386
1434
9407
4652
6739
2010
2750
7504
1544
5251
9378
6842
6896
6141
6832
8499
7822
6852
9356
9501
2760
4418
1622
608
1053
4843
1256
5367
277
198
8640
8315
8461
3396
4032
6131
9929
8636
9359
308
8641
6153
2768
9827
9984
8268
7336
1313
8712
9925
7421
7115
339
1336
1709
2725
4530
5395
8033
4350
5667
6364
671
3495
713
5068
5351
1799
1790
6475
5359
4844
6822
7438
2529
7482
3050
7713
7577
2232
6795
2007
9236
8014
7278
7375
6760
7475
2568
3137
3174
2611
3456
6577
3135
7144
545
838
2588
3275
9877
9688
8769
8013
9635
5374
615
890
423
8935
5539
1937
522
3782
2131
9083
4335
1537
9831
6870
6411
4660
9746
5666
5091
1777
1804
2843
1963
55
943
6504
1281
4359
3876
8883
616
1048
1642
1034
6741
6637
3760
7911
5284
9572
17
9582
5744
8239
7196
4829
2858
1316
8544
5336
3684
9711
7740
4877
3194
2966
8835
5875
3042
5702
9015
4165
7624
6383
8242
8259
5405
3934
8250
2301
1945
5803
3420
8139
1240
6914
2993
9310
3677
5221
5706
4947
5548
1690
8151
7104
159
1788
6108
1751
2385
2433
8623
6650
3113
7520
8861
6950
4059
933
2355
7116
1406
4455
3756
7818
4994
2097
9817
1413
689
5321
393
3453
1588
4174
2964
6985
596
6557
4806
3779
5680
4137
5149
586
6275
7444
2496
8138
8547
3327
3117
4965
1380
8316
6251
1444
3859
1920
5814
6056
9728
9017
5942
859
5075
4168
3901
6599
7037
694
7735
9905
5922
9731
5767
4923
8049
9445
6841
1557
349
8107
7224
3081
69
5738
6963
8806
5971
6816
4553
5716
3644
4708
7010
8963
636
2082
1830
5050
6346
1006
2067
7540
4549
5978
8376
9014
2267
257
7755
2304
4767
6671
610
1621
2077
3915
7131
3825
4704
2633
2944
755
2156
4415
8561
9194
5776
4329
9838
5761
1472
1759
6289
6342
3557
1892
5028
6727
8470
4260
5174
1229
2409
3479
1141
2403
5300
4858
4025
8409
3073
6957
5420
9215
6217
5710
5605
1620
8025
8841
9900
7664
3632
5565
8024
7646
3264
1594
3204
9049
1381
8399
5279
2265
6796
5956
2756
9770
9076
3307
4328
9680
1650
8085
5832
3419
9385
5999
2515
