717
243
649
163
743
703
204
746
75
411
10
16
320
773
896
172
797
314
940
455
873
837
948
485
494
891
185
772
616
603
560
865
499
142
845
334
678
554
317
385
933
358
973
931
663
677
576
379
497
264
750
325
482
593
909
272
801
30
913
256
156
459
395
491
475
747
794
353
540
130
273
95
195
626
171
308
704
310
815
270
397
355
608
157
602
21
925
105
170
53
58
382
935
817
748
807
928
584
979
601
128
902
886
136
579
339
454
389
328
642
768
303
370
938
100
929
956
949
305
418
876
420
151
352
451
221
685
169
60
984
589
410
951
265
587
509
922
205
150
484
869
899
784
958
154
916
780
112
946
208
474
957
359
125
217
530
275
993
965
12
164
627
851
796
629
59
343
719
472
611
438
897
470
769
557
698
904
726
72
96
47
278
129
534
378
531
638
465
990
850
985
635
528
425
834
203
614
906
86
284
145
468
2
67
0
786
860
706
435
93
532
3
625
262
582
342
734
567
225
736
450
227
155
212
683
313
144
553
598
864
525
66
963
187
38
88
426
250
367
936
344
7
500
448
737
866
488
436
868
654
228
585
538
510
429
116
828
83
656
551
575
955
403
207
912
327
961
24
695
111
298
102
835
767
908
115
364
194
816
427
498
234
604
80
874
639
319
720
349
872
738
202
338
269
562
51
761
942
98
800
612
288
160
92
5
477
613
290
900
174
964
844
960
407
329
146
346
735
522
972
495
520
597
421
953
752
246
954
878
998
623
881
684
322
409
715
153
366
959
792
634
731
607
49
467
81
458
591
565
646
117
199
523
547
336
889
133
159
143
811
987
137
867
54
114
161
295
653
556
705
347
437
824
524
829
315
78
521
109
131
549
381
219
365
390
266
570
293
590
27
4
89
751
808
944
183
631
294
887
236
119
216
977
740
376
291
969
569
18
599
107
453
927
330
559
394
162
686
405
857
9
388
233
539
785
391
332
804
610
637
431
820
134
251
527
795
502
618
73
167
29
20
176
879
826
452
621
383
496
473
245
753
312
976
968
442
239
764
675
508
917
220
633
915
424
821
422
781
662
563
919
211
138
350
231
180
271
372
636
373
666
997
728
757
529
791
756
77
324
392
858
839
533
79
512
672
177
681
461
64
974
466
356
25
701
694
806
206
903
417
962
840
516
224
628
615
255
573
110
166
311
318
827
759
660
852
192
831
884
939
691
253
856
282
798
586
106
992
814
723
777
249
432
304
242
430
326
223
186
689
416
209
76
515
368
84
771
657
406
651
596
101
841
947
490
923
766
428
514
578
580
975
441
714
980
267
564
880
620
480
692
875
774
140
842
652
830
843
399
700
345
55
457
883
504
240
901
574
722
813
335
113
999
898
289
400
885
648
741
1
982
871
384
981
730
26
932
668
630
914
354
934
340
263
22
404
818
848
247
986
988
13
82
43
655
214
724
165
94
833
479
423
779
188
191
641
920
371
644
770
91
351
398
362
44
241
46
254
863
141
725
727
196
178
822
809
222
152
476
911
658
464
967
48
14
287
17
260
996
802
924
661
943
309
402
121
682
696
135
226
921
333
742
667
331
861
300
386
617
552
918
690
679
414
755
546
905
595
85
471
296
440
994
721
483
793
778
733
37
252
87
729
558
36
447
503
632
832
505
198
970
952
439
257
892
415
40
97
70
659
588
583
542
877
517
463
581
893
118
460
825
760
687
577
895
377
449
274
847
699
104
519
375
323
788
173
732
854
393
218
640
127
8
369
244
132
462
276
487
674
511
68
99
56
189
493
39
283
782
230
11
62
258
126
709
277
175
69
396
489
855
572
541
380
197
609
888
248
74
859
787
15
501
281
846
337
739
600
775
810
537
401
280
412
543
744
926
190
991
201
31
712
419
710
63
124
930
259
605
28
836
413
749
34
357
19
716
213
149
619
673
302
803
229
799
645
758
702
297
478
776
763
148
513
299
285
184
670
671
179
65
790
446
937
45
215
32
122
707
41
650
989
594
870
680
434
374
622
108
50
123
182
360
561
545
408
139
33
481
606
697
238
544
321
592
745
995
862
301
783
688
812
506
713
805
387
306
566
307
492
292
181
316
571
823
849
35
762
433
853
676
193
90
910
120
168
237
555
894
42
6
23
456
57
819
624
643
469
268
789
103
61
443
348
941
361
200
71
445
711
966
971
754
882
536
718
52
235
486
838
158
983
444
568
526
978
550
232
341
261
279
664
708
907
665
147
669
535
548
286
890
363
945
693
518
765
210
647
507
950
