4773
4261
6853
5310
5203
6047
6409
5050
2889
1138
7749
4833
3729
6726
4238
9624
6512
8327
639
1986
9697
5243
725
3519
6321
3865
1850
2770
5637
9105
7791
8511
825
7849
7649
2510
46
1401
3278
7016
3632
8699
3851
7650
8230
2490
5807
4116
2147
1620
3605
6987
670
6617
3944
6951
6590
8188
1461
1726
1146
8995
6450
829
398
3918
8760
8809
686
1360
9234
4474
9309
7358
1291
1863
5849
2419
7403
556
5556
4443
9222
7365
6344
8715
6842
8357
2953
430
8662
2213
7249
2267
6091
6270
2936
3039
1767
5298
2210
1267
5787
1322
4435
5922
4570
5390
1053
4919
9114
6596
3510
3967
135
651
7569
6319
2336
7164
3199
1572
537
1832
3477
4695
1231
9065
3907
9095
9139
1375
5118
35
5629
134
9269
6712
6897
3145
9082
2017
7329
3884
7955
9617
7287
7370
2868
7965
3496
8782
7021
3739
5087
4712
4208
4452
8431
5640
2993
6072
5976
1784
1456
5946
284
8158
6631
5016
7206
9864
4458
6912
5391
4249
7574
2232
9038
7637
5920
1067
538
500
8399
8292
5543
6521
9943
567
623
8168
946
8980
6857
7376
44
845
9893
4532
4363
2311
7511
2635
8326
3912
1247
3905
6401
7931
2117
2477
8094
658
5882
7276
3511
3090
6420
5186
6554
7771
8445
9607
8240
1103
4094
4969
7119
1298
7870
9640
2987
6079
8331
4510
4008
2272
5513
1856
9074
41
2443
7177
5809
6654
1353
3599
4718
7393
6869
8852
9187
87
5870
891
1170
7590
1192
6930
872
6461
2111
4231
1761
7058
9369
5095
5232
815
3704
1016
3650
7132
7386
4812
1692
74
9120
2572
642
3516
2921
3155
8703
2949
8789
3073
5826
4728
540
9130
5505
3570
1699
9402
7394
2179
8382
8625
2478
78
7795
5276
6342
6720
8064
333
720
5532
7354
1342
8245
294
4066
816
1716
3407
8011
3863
4552
3209
6557
8708
5075
1599
6699
7620
1172
8062
5339
2867
3595
3461
4454
529
9489
2252
2741
5846
9071
6563
1191
5490
3561
8409
9107
1021
5988
6349
3177
2598
4234
5948
3857
1993
1630
9381
6501
6908
7786
9365
7936
9195
8754
457
6198
5192
3138
7127
5264
6433
8375
2124
2346
1069
7982
204
5099
8926
8384
5423
8510
9407
2920
2456
4041
302
3311
1242
6549
7389
7907
4737
9573
2607
3354
8846
3710
714
8888
8812
3438
7694
680
6758
7107
3084
143
5804
858
3772
2976
6621
6806
3673
2170
1637
7639
18
2931
5632
1710
5156
909
8381
6062
4954
270
5
667
9684
6027
2279
5220
1317
1633
2173
6076
3290
7954
1894
2853
6384
3560
5102
3009
4875
5454
3801
8876
1057
8316
389
4113
7123
7885
6852
7719
7324
5966
1380
5275
4752
5322
7400
2068
1588
6204
1672
7729
6215
2231
784
2240
3678
4047
7243
462
3323
3270
1190
4002
1864
6878
9658
7984
7969
7909
8532
8601
3992
2354
5182
3763
7135
3395
6588
91
1545
5274
8425
3038
8946
4607
1452
6840
2325
3547
9641
7019
9029
4396
1470
3366
5326
4785
3273
1121
8452
2350
5614
514
2565
9898
7873
2941
8117
3932
8536
6732
1938
668
2365
6942
4669
7862
1892
7973
8965
2795
7529
4778
5340
4301
7871
3292
5977
3633
8118
1078
9974
5312
5542
530
5468
5029
3961
700
8526
2404
8932
4943
5377
4888
9206
7425
1527
5936
8899
2622
9408
6135
9914
775
2158
8885
5888
145
1395
5206
559
2344
7561
6815
8901
2024
9349
9935
4026
5193
6353
2735
7787
321
1708
4808
70
9198
1619
7248
507
4512
8735
3764
892
6923
2809
1237
6599
5498
918
8170
313
5687
777
7961
5467
411
4899
1810
9655
7994
2397
5626
3662
3919
42
553
3263
5465
1086
1341
6172
6673
2415
8095
8424
5999
7174
3075
7099
1163
4800
7207
5122
6153
123
4763
4303
8378
756
983
9532
5134
4550
8733
169
5097
3831
2168
6387
5034
9595
3061
3530
438
6356
4856
33
5727
2486
1459
9732
6427
7089
8912
9529
8060
2640
2292
9565
1446
7708
2033
9588
7508
1745
4897
5611
1858
8710
4397
6147
203
378
5174
7419
5430
9938
4220
1653
2009
1875
6376
6950
6939
6989
4046
8473
425
4307
9473
768
694
7525
8427
7925
2814
5995
6075
5214
1314
1189
7701
2444
961
503
4901
2908
9512
921
3695
7768
4241
4807
3161
9554
779
1677
3357
5650
3974
9201
7527
6025
9908
6289
5296
5147
4389
8695
8226
3630
8129
976
8586
2523
1365
4085
708
340
1262
572
8948
5750
1388
4976
1739
2022
4266
7167
6777
7704
4152
6
7750
4442
6580
1921
7693
8033
2339
9816
3376
8777
2119
1849
8109
9880
3252
4809
1211
8233
9849
6269
7036
3867
8916
2893
9424
1910
1116
3543
7875
8480
3993
8467
4183
1769
7296
3834
9841
9049
4387
2557
3426
4731
2817
8641
8477
7557
9409
8546
6983
8460
8165
796
2418
304
3518
9041
3241
5124
4617
8212
9963
511
1790
5624
2298
919
8067
4482
9991
3235
8891
8297
4472
8590
9675
7658
607
885
3343
7606
1355
377
9310
6381
8722
8542
6693
437
9259
8827
7013
3074
1439
3531
7541
9907
8298
2507
7546
7794
2465
1927
7332
4791
8278
5518
5659
3994
1387
5566
6483
3807
9385
9488
902
6225
2621
5583
562
232
2847
8952
968
4386
246
3524
7987
734
9149
7025
3757
8160
2706
7774
9742
2099
221
8953
2087
9435
1453
403
1704
3180
9604
1695
2849
5618
3433
8518
2278
8266
7972
3733
99
2101
1120
1882
8860
3569
5291
3627
6350
9768
9427
9281
5674
3195
4751
104
8683
1294
8100
8714
6759
8411
2894
322
1791
7735
3958
1685
429
4557
4929
7962
7039
8631
8171
338
2916
9721
6982
9844
5238
9403
1837
5509
4907
1902
9344
1334
4984
814
7670
4854
8544
1026
1778
1621
6464
9452
9558
4243
8857
7854
4906
3722
7199
4916
4330
47
331
9647
6160
5443
1749
7823
4410
1531
5306
6551
5245
1785
590
4257
1643
8994
4664
878
9792
1481
3782
560
5495
2625
138
6013
2076
326
3985
1972
5561
8566
3008
2255
5130
1134
2534
7221
8114
6707
2495
1178
1954
1440
6416
9515
1038
9842
8006
5054
9232
274
9034
4675
8747
7
7930
7905
870
753
5228
9214
2872
3044
8837
8294
6305
407
5170
6907
6586
2441
7575
2614
2092
7889
3318
523
6081
4408
1219
9209
9468
1325
8437
474
4834
4684
4554
2643
9718
8968
3142
1225
2900
1774
6231
8644
6484
4565
5028
2566
2746
7531
948
4492
2159
6232
7278
1318
2678
2969
8251
571
7619
5236
3796
9388
3312
674
5706
4218
6734
6614
6129
8045
2550
3085
9454
2239
2102
2237
6718
7371
2750
3810
7292
1601
9243
22
2954
9817
4459
863
9634
5672
3420
9289
8619
7819
2938
3411
1944
8817
2955
901
6078
5754
3418
5904
2596
236
3859
3571
29
9951
1451
9767
515
5965
1272
8945
6517
1865
9235
3900
6272
6371
3012
2876
8676
5866
1282
9382
9988
12
9219
2247
8351
5333
6437
8428
8988
1558
9451
597
8042
6473
2791
821
373
9737
3688
8563
742
6931
1796
193
3296
7102
9461
1681
7536
5549
8721
5719
6630
1020
1808
1623
8471
6126
731
1133
8056
3811
1292
2438
9985
5932
7879
7661
8201
5533
5740
2070
2150
917
4451
3133
6959
7796
1100
6849
6430
1323
4574
3844
1052
3557
9410
2191
9326
7815
3737
8220
7766
2869
7390
1488
4202
8528
849
2880
9702
4783
3846
1426
8628
7499
4805
157
161
9413
3513
5907
3253
9706
4402
6475
6415
4035
6803
3019
9045
3861
8241
2141
8037
281
4953
5991
9802
3521
5834
2280
4967
8682
5768
6686
8506
406
7045
8534
9961
1961
5039
1807
4760
86
5714
9806
6113
3580
4213
1805
8439
936
6487
5837
4647
5162
6424
3462
2692
7387
1149
9845
8970
4952
9164
6118
3583
4000
468
6199
1482
9420
721
400
4630
2928
6026
656
6491
6012
9612
3685
6105
2841
7311
8104
8172
215
6638
7502
6298
3490
384
4915
4729
3775
6619
9117
7635
5404
1821
5774
5287
3303
9229
2235
1925
627
6148
3229
5861
6999
5785
9172
750
2589
5471
5225
1028
7960
4087
5912
4150
4975
5971
4602
6395
3011
9854
9847
5133
1173
7171
8173
4091
1391
7037
4611
1160
6229
4144
8353
5169
2
1101
250
2388
1520
4450
9112
7090
4655
144
9720
1522
4891
1855
9766
5722
6503
6109
3440
6098
8352
9652
4865
4057
6808
7524
1201
9609
7049
6447
7027
9091
126
408
1679
8304
141
2269
8927
2883
6946
5959
6482
8991
4104
4591
4258
679
1937
2655
6405
782
5051
7252
2181
9252
2086
2998
6784
315
4951
9088
771
7213
8689
9994
5835
2065
2544
9754
9700
7175
7062
9528
1074
5996
1043
5138
2708
9863
8667
1165
6641
3874
7654
505
8841
7346
1680
4649
5415
2175
1511
4467
5478
8775
8981
3436
5512
8082
7155
1915
4560
7816
6071
2673
3676
4247
3071
3444
1525
8372
643
2457
4367
890
9217
6528
1647
7610
3355
6791
3029
7777
1916
7563
598
4166
9320
4924
8584
9543
9936
3651
575
8310
2829
6056
5899
1080
874
8300
3791
2980
5337
3829
2779
9897
6552
4188
9586
2178
345
5845
103
8314
3288
4885
3388
9835
4118
1839
2185
7882
7801
3250
6425
6506
8179
9857
4730
9496
9568
6900
1659
2186
386
9782
8053
332
4666
367
5937
9682
8629
2387
8406
2250
8663
3141
1224
9971
6355
6049
2002
496
4237
7436
8196
3112
3702
7897
876
8145
5500
9178
2262
8257
6858
5703
3028
40
4018
7851
3452
3122
327
8654
3423
5302
4282
9666
509
3004
7473
4857
2148
8177
2100
2832
7381
5457
886
5623
9330
6573
8516
3465
6132
1831
6628
5998
1990
689
4086
4688
6708
243
7926
7988
1701
154
7333
426
4685
3414
8339
7656
6598
7410
8032
3315
8904
823
8279
6373
1500
8419
3397
6561
5003
3914
2778
4020
7318
8391
8324
491
6444
5078
8622
6253
4404
2407
8750
4559
388
2658
8635
3372
2329
3642
8131
8574
4306
1386
868
2663
8564
1468
5881
7737
5433
1976
3192
5625
9075
8822
8224
1410
6002
1697
6357
8909
6610
9628
3602
3197
4553
2593
7055
6362
622
8982
1900
6064
4255
8550
7314
3282
2043
8130
3018
6810
4590
287
127
9969
240
615
1627
1666
5671
9471
6971
1635
5482
9952
5258
8450
944
9834
6530
2714
9555
4403
7225
4817
3103
2326
4038
8234
582
965
9474
1022
5715
3941
7550
4933
7824
6330
3579
6031
1361
7915
1161
7699
835
2691
577
8194
2377
95
1227
1615
4711
5205
1847
4264
4502
3460
6624
3205
519
9740
8646
9998
2840
1091
4022
4335
6386
9423
9165
8999
4269
884
5776
645
9627
1382
8014
7782
8267
9014
3165
8081
1501
3955
6592
5109
1828
2661
1859
3542
6861
6594
7799
4483
1241
9273
4475
4569
7233
6797
3338
8413
8206
6378
8884
7945
6745
8614
8814
1932
4193
3588
6254
9519
7596
5514
5289
8606
8918
3172
5268
1150
982
6252
106
7003
6155
1182
7038
2160
9905
9693
774
9796
8079
6742
9533
5685
7861
3830
6406
1907
6715
7223
7372
3732
1636
6837
1880
1244
8535
6618
6710
3463
3858
8819
7328
4821
9872
9536
9181
1655
4180
116
1390
2032
6104
8652
6119
3131
128
4667
9852
3648
3972
4108
4903
903
7899
7891
706
1962
6307
6426
6637
360
424
5931
6735
9355
3072
1748
7784
7226
1302
9922
3054
7746
2309
4175
7447
1640
6478
9982
2295
5477
6296
1721
176
9910
5234
6288
3408
6789
4097
9008
5399
8607
374
4392
8252
8514
9535
7738
9989
1802
7826
2904
3210
4708
5567
860
6486
5242
2806
3922
297
3963
1167
5005
2567
2813
1574
5527
2966
1193
1366
6490
7015
879
3035
8854
5720
4069
7244
6315
4877
6402
7035
9153
2873
8865
6238
9824
271
3976
8804
7507
2529
5836
8538
6650
283
1476
7131
26
4770
7638
8517
798
2531
1951
5410
9556
8138
588
1815
5195
5798
7689
1555
1606
1975
4519
355
7057
83
9561
6007
9674
8802
7640
1206
4849
5724
9258
2857
755
3520
7118
3877
3658
292
3804
219
5711
7137
595
4293
3475
9204
584
9394
4945
3404
608
2445
6021
3300
5366
3214
6275
1466
6846
9839
4673
7142
4115
8992
6547
9249
5053
8795
6051
2430
481
6603
9307
8996
9728
6236
2093
8930
5145
7747
6838
3893
380
3952
8592
4019
8674
1628
3055
440
4123
1978
9051
6633
8015
6008
7032
8218
3926
9170
3456
8794
9047
3717
4650
9491
1263
6327
334
1923
4436
484
2967
2505
8529
2215
930
8746
5180
2046
2036
5515
6086
1509
375
7202
2015
7911
663
1494
2573
6773
5450
9389
7431
4285
5151
743
8602
2139
8422
568
2773
1766
2680
3206
9236
1137
3873
5259
1953
3644
84
5320
2854
7010
4950
9560
7263
4051
8127
4222
5449
3198
2887
6462
5382
7349
2963
196
6875
4946
3159
7074
9510
9151
5330
5331
7438
7308
7920
9400
7307
4031
4613
3149
5661
8497
2118
3369
7348
4260
8293
4428
9713
4294
7509
2482
3099
2016
3333
9257
1694
8263
5385
45
3336
8151
9673
2398
8155
4254
6474
7744
3218
7844
6665
554
2242
3183
8659
2136
7785
2003
1081
5800
6898
994
5181
3670
4412
2924
5843
2707
5209
3100
988
1030
9211
7280
6207
9591
1541
7522
9173
6929
3908
5783
6790
1730
5525
6893
6961
5432
8271
8951
2588
5083
6856
9518
7241
5445
5964
3163
9822
1586
6093
3401
8801
478
9912
2182
5570
2052
1826
2383
1458
88
1844
4782
85
3537
7024
1449
5863
2205
3027
1604
5974
7144
6149
160
2569
3188
6843
6205
5269
8937
7688
6913
3983
4425
4143
1793
6116
4562
1779
6152
9020
165
8016
1450
551
7117
8003
6435
6459
2146
2458
4597
5035
3139
9771
4926
6281
3970
3236
9662
960
8580
2459
3108
3389
2911
6004
6083
5612
657
8432
9469
1979
6731
2030
9853
5792
2541
7091
6744
8880
5089
8454
3573
5004
7474
3819
6217
7108
516
8823
6169
8920
945
2080
5248
3792
5745
2109
3289
7812
9314
2143
7051
5949
856
4661
2897
1025
7300
9460
3294
5479
3148
5649
5472
1007
8811
4334
6679
7139
4996
4774
7912
7124
442
423
2866
5233
3942
8358
3128
3523
3064
9216
8742
9387
3474
8323
4522
1252
4689
6886
5521
1873
2824
5185
7627
4279
6602
5873
1665
6964
6138
8718
576
4861
7339
1061
9426
6658
9237
5887
1534
2228
8784
8052
4461
941
1759
8997
1420
4541
2546
3041
8163
2105
5548
7060
3416
387
4211
6998
1416
5221
6123
2251
5868
3541
6455
8453
2902
7877
5437
7880
8813
7573
1324
7734
427
1176
7515
2833
4637
3621
7919
977
8247
3589
9067
8029
9667
2623
7312
9679
5428
1345
7818
6137
1435
5921
8010
4815
5190
6294
9434
1984
261
6208
5684
6958
2005
43
2703
6404
7820
4876
3578
7352
6309
9358
2394
1077
6388
4337
7216
5033
5857
2001
6747
7103
7442
1612
6892
6943
308
5590
970
9119
8944
6142
3836
4762
5405
9886
1463
2749
4949
7482
3600
7995
4377
2700
7490
9373
5980
9419
3984
6174
4476
6901
6423
3850
9386
3568
1727
9215
8261
2473
2689
5503
1378
906
8219
2836
2632
5736
6434
1
3070
1988
6597
3298
3603
1561
2586
3709
6595
9694
6724
8507
2724
5421
8969
7745
9294
6802
9978
89
3741
9022
7198
7553
6757
2053
1085
2406
8748
3181
2123
7949
6090
797
4756
4825
5529
1594
778
907
3719
7894
2334
788
6328
1712
1259
4742
8816
1031
611
8028
5855
3880
4927
1037
299
2216
543
5688
1963
8743
9632
9429
2878
1607
3584
2675
8879
1319
5839
8260
9154
7678
4304
7397
4537
5986
4061
9006
5927
9523
2382
4112
3995
7153
1516
8449
9145
1690
7927
6283
443
5568
2274
4680
7756
3121
2826
9929
9177
5968
6341
7439
269
4221
8545
2378
3162
410
4841
8420
8620
9639
8392
1587
4706
7772
3536
5463
4354
4358
1742
6498
5770
8370
8524
4434
4322
8093
9083
2095
1705
8048
2219
5440
8624
8984
8325
450
8693
6743
688
6128
2620
4131
2570
5315
1499
6830
4120
1896
3097
371
5653
9125
1358
251
1868
3344
9196
5753
2905
8640
2060
7068
4840
3361
8531
2197
7422
5226
8368
3608
3321
6975
7116
1432
1783
7887
4652
5165
2264
9132
1906
3010
6479
9016
4506
187
7741
4290
869
6354
6258
7081
5773
1746
5819
3374
6835
5664
9182
8262
2341
8810
1376
5254
1943
1971
1090
2760
3168
4025
2958
2660
5393
9466
5781
3677
4645
2581
4842
3800
7320
9660
5235
9757
2855
3068
940
3597
6375
3297
4961
6360
9903
3015
8464
2731
7494
2919
6443
7258
7239
1240
6606
8418
5076
9179
1051
8132
3488
2351
9146
727
6677
4270
898
5188
7151
7755
1529
5055
5110
3442
6334
6085
2807
3915
9066
2684
3734
3184
5355
2271
7254
9160
1019
1852
3302
5059
8805
9379
1265
5480
1965
3421
8385
1328
3301
3329
5985
717
8604
2149
1720
444
4273
3170
5830
6014
6583
4313
2972
8193
2890
5350
6685
4418
7760
7200
3481
3625
6516
8286
4900
8007
4010
4535
9411
3031
7501
3396
1406
1523
8615
5747
5737
7187
6727
4385
6703
4819
5732
459
9786
4478
2518
3527
7809
5488
1674
8475
1507
8509
1486
2962
1914
672
3491
8800
7475
3415
4633
791
9637
6683
3385
6223
842
6871
8308
4318
3126
4177
2631
3402
9729
1313
6469
4545
4083
7043
6899
4263
6896
522
2594
5813
7454
7950
81
7191
4844
2162
6314
9255
1568
5160
4316
5531
7286
2650
5822
9895
2014
8396
7702
6582
3272
5374
6868
7178
1732
4075
5189
1780
490
812
618
9508
2784
9271
3367
3641
8585
5270
9538
7020
7067
5351
9711
3973
6741
2426
6249
5648
6446
6250
4309
5698
8481
4795
9622
5230
6794
1493
4581
3501
9514
6564
8296
4198
3614
8096
4224
6881
3971
9783
5507
7770
9134
8000
2874
532
4433
2405
479
3762
9499
8672
1000
9244
4056
6694
1824
4223
3221
9317
6533
2381
2218
9611
3435
4686
9090
8955
3845
3299
9780
8522
4479
6782
5859
6589
2480
2152
6214
1250
7716
2808
6502
8519
601
5851
7898
9598
4029
5972
4189
4838
8913
9596
3228
1581
3123
5738
8723
1798
1012
2079
1535
9171
3446
7014
3244
122
2599
5718
4614
3066
4205
217
769
1667
6261
9597
7892
787
6716
2169
6855
5989
4941
652
1471
3182
2603
6043
2717
2657
3780
382
361
3349
9278
267
610
39
7901
4786
1618
9292
5241
7088
9285
6872
8571
6767
2856
7730
4538
8022
7297
5360
2995
2649
184
5603
3260
6960
4357
2161
6241
9485
8947
2554
6636
5978
3817
9437
1664
5601
1144
1235
7878
32
5212
1430
5759
4702
7853
452
7736
79
5422
8692
2183
2772
7505
6121
3387
5103
1973
760
2560
1508
8303
3079
6648
2428
279
9475
1941
9920
6701
4117
1532
5272
6220
4912
7555
7751
289
2352
8712
6967
3441
3723
2454
4161
467
4509
789
4369
1041
4577
140
8222
6244
4717
8730
5817
2364
3731
8919
1097
3506
4609
1208
2194
9503
5361
1526
1438
1709
9058
2019
2671
6431
4361
9530
1881
4173
5820
9924
1480
3115
2424
9390
3293
5043
6394
8883
6156
3353
8492
8502
6532
7580
6661
3749
4438
5577
9432
8648
6890
3352
4621
7792
2463
7521
6507
2464
6448
7211
1841
2275
9995
2981
5616
2803
2054
6788
7518
4350
9329
4331
3868
3870
2756
1648
7379
5617
4484
6006
7846
9100
6550
8540
7453
8780
7002
8914
649
8539
8778
9686
1645
6133
9495
880
3124
2466
5262
9363
4256
7362
6322
2222
3921
3256
1960
8072
4422
7810
8896
5669
3979
6515
5520
55
7981
2138
6780
2155
5271
5552
9055
6935
8943
1183
6675
2096
7545
5086
6379
9493
6690
1306
5475
4676
7934
5292
4944
3003
853
810
6911
9378
766
5022
2330
1485
5541
2926
871
9890
630
5545
129
8512
9926
1958
439
7625
6213
5342
8214
4274
7855
6325
5538
7033
7378
7283
2097
6015
5536
7087
5153
8275
7951
5729
9821
1424
5111
6524
8832
9743
3379
4616
8523
638
8301
6952
6136
1890
8983
1584
6656
7275
4720
7336
1706
1771
8013
5224
8073
4427
1232
6457
7294
4884
3618
8669
1039
2850
747
5786
4276
2561
5522
1719
9242
4990
1437
9028
2742
9247
5652
7092
2716
6823
6865
9459
8769
7857
8558
1187
744
1205
3271
7978
2816
8533
9225
6108
2837
7967
4530
2113
3233
5853
4558
3434
6818
9342
3190
3960
7052
1054
4794
3574
7776
2798
3902
66
8017
5840
9147
7535
2677
1644
7441
1050
1613
1158
9300
8792
1567
2027
5975
6740
1004
9712
4360
7335
2863
881
8269
5571
4918
2509
471
6103
7957
1673
2748
3476
4054
17
7578
58
6513
5681
6203
9672
2558
1512
5517
1239
9574
4446
2820
985
8199
6997
2142
164
7932
1540
7238
4440
7444
2057
3535
7652
7230
4305
834
8915
8825
6817
1157
4252
9430
5876
25
5743
2431
2654
9250
5060
7234
3540
1368
6828
177
1285
888
9651
2040
8157
2590
7022
2476
5951
6125
2835
7290
3120
8959
3191
2362
3692
4401
5806
2204
6839
8642
5171
6458
4187
1290
1033
8038
5456
7598
2535
2188
5140
2436
1676
7485
8250
7710
353
1883
1104
1625
3380
7740
1737
6273
7194
414
4235
6932
2114
722
1166
34
5434
2108
4215
1284
1068
1966
6183
4071
5136
1740
7065
8575
8664
3406
370
3247
4547
1803
268
8277
5595
6196
5658
77
7042
2744
1982
2236
749
5158
7884
9787
6297
7340
9372
9557
2885
9701
2789
7190
7245
1518
1473
8757
5417
2066
2103
852
1556
1326
8978
6144
4797
9873
1750
2026
9228
5464
8144
5067
2085
7918
3306
2639
9023
4447
4662
7714
1383
6037
2234
6039
7082
9678
9829
4391
3324
7971
5802
9516
8705
73
1741
8690
9650
4741
1663
851
7906
2200
3546
5622
5288
9887
2781
1977
1632
4169
6471
7567
9348
3105
1559
4323
6609
8273
594
291
8009
8223
7859
3204
6572
6887
1475
2729
5852
4618
8136
8548
3287
5812
3053
8694
235
2548
2163
192
2211
9367
4170
2923
9566
4007
9756
9629
6485
2710
8388
1605
5631
2270
8106
1794
5273
3628
7004
7611
7633
1747
5574
1919
2315
2665
4656
306
6367
3412
9009
3158
6649
13
9776
1935
2848
3483
3067
6096
5459
8653
9691
1772
728
9572
7798
838
4801
7691
4426
4546
7054
205
7147
5257
2948
4826
4052
3910
7668
1094
2227
2696
4985
5166
5665
5121
3350
3495
7128
1981
526
5970
5451
9167
5615
7182
9553
9889
3606
5426
4820
2327
5000
2929
8463
9837
4240
6862
4015
2411
2939
7992
1321
4659
6291
2081
9036
1610
942
6895
4245
4748
4862
949
8101
3269
4488
8928
1899
2669
8751
7028
4992
8256
2176
2630
897
4449
1901
1733
1115
5279
5019
8588
7231
9615
8020
3499
2389
6460
4508
9068
4012
5027
5191
7840
8049
6956
8389
911
6926
2358
4981
5983
3265
3837
581
8374
6672
986
4228
2613
4672
158
1013
265
2008
7935
1786
5104
4555
5884
9819
8987
3076
4521
1731
989
2641
5348
803
8594
288
7396
9123
9699
9431
5198
445
9945
9113
7948
6733
7416
3328
2357
5908
6847
517
352
3711
8657
2626
5728
9894
2238
1329
8868
8894
2414
6651
7793
1724
2951
9506
2605
8121
3454
1278
7361
2532
9775
5113
372
5159
934
1669
3129
4059
4212
4620
8973
4867
4889
4014
8058
9316
150
97
8333
4124
2396
3114
1569
5693
2230
1413
8939
8922
7542
765
6645
2737
9948
6774
3769
7495
6005
5854
3152
3243
1245
7464
8979
4246
2277
8621
118
3683
5424
3755
8176
9521
6957
7990
574
8761
9050
8231
364
9213
3888
937
6903
7141
5997
1489
8
8596
1533
5886
6323
4520
3871
3283
6054
2727
2304
7956
4978
1870
3715
9928
3359
9791
1514
6163
8626
7432
8110
790
2978
2489
1985
9441
5695
2754
9623
3832
2619
1299
4192
4761
9248
7355
8958
8332
8305
7150
4147
3833
8484
1756
602
27
5956
9869
4236
9445
7585
2568
7630
9958
9035
973
1874
6035
6889
6697
7845
51
6468
2537
6736
6472
9159
9681
6190
971
4351
3744
2342
4287
5815
369
8343
3285
4168
1266
1394
6860
6239
3882
1734
3050
1117
1566
1415
8412
1457
703
5788
1861
3756
521
6755
5375
5057
3268
573
7385
9544
2221
9801
6087
7064
3237
6451
5105
4536
7366
1879
2375
1305
5586
3962
9353
2363
9797
8521
3453
9804
7724
2726
8756
2041
3637
1700
6050
9370
4648
2915
5779
358
1307
3098
5063
2653
4544
8719
5376
466
2757
8238
894
2412
2390
1912
8985
3617
793
5869
1490
837
1758
6924
6566
7800
541
763
9733
9384
3470
4490
1162
5676
7923
8771
9977
5751
8843
3101
3818
648
2293
6579
316
6639
3615
7417
1056
8895
549
716
3212
7445
4039
4226
2611
4016
5139
2246
489
3890
4229
8568
1751
4784
3078
506
3613
9163
1913
1423
8931
4911
1775
8488
5717
5777
1589
1877
2977
3326
4295
3667
4092
5578
6704
8957
4251
9827
4219
9337
2485
6048
4191
4227
6365
9183
7739
3030
1203
7789
7327
6171
8557
9018
3562
6966
3143
4343
1229
8989
9392
9345
4333
2668
6962
1181
3790
4775
536
7552
5491
3802
6652
8421
9644
7061
8154
6877
2777
8209
1333
3980
1660
1127
4496
3249
4278
9262
3649
3132
6287
1904
9602
8076
999
7488
8576
7317
5841
501
276
8462
8866
8707
4359
8595
9547
6339
8587
8589
3582
1125
3989
9582
751
3805
9440
8355
9483
7435
2166
6465
6187
5979
7807
3390
3691
7149
3025
9669
6034
9823
3295
5483
7105
9397
1066
3824
5990
7277
565
5309
5555
1886
8002
1093
6781
6456
6798
943
6505
9060
4196
7802
7612
6671
7204
3714
6044
7622
7617
2950
5265
1364
183
8917
262
7551
5636
7763
5293
6940
5769
9157
2882
3310
4311
8489
1717
4339
9478
6534
4528
9399
7401
9010
659
4499
3032
3063
7210
2039
1064
6470
6756
9321
3147
4494
2245
3778
3538
4694
3609
5343
113
5725
7465
6544
2044
7273
4332
7705
5604
3813
7486
142
3153
7607
6419
2711
3332
311
4142
5126
8975
6061
8472
1226
6274
264
5338
2825
9808
6768
3559
3840
149
3226
3682
4700
9202
2608
9520
3815
1297
2912
4368
1441
684
6399
1223
2644
4727
234
7904
7609
6937
6439
4122
6267
7779
6915
2263
7568
5862
2860
2542
186
9033
8183
7709
9668
6210
8700
2547
5007
7413
1147
4733
8313
2380
3058
8972
9331
5347
7323
7487
3164
1288
8280
1867
9227
6140
1682
4511
8181
1801
4
4556
613
4027
9676
3060
4501
2823
4886
5020
6753
8790
202
8436
2386
8697
7576
795
5588
6191
3898
7242
5001
2432
1048
9142
8627
2545
7910
7353
7383
8638
6826
415
3668
4185
1752
5638
2403
9753
528
3
859
1076
9231
8711
4172
6441
282
4491
5144
3827
2020
2359
5708
9158
8259
7235
4864
4121
6750
1425
7289
8186
1995
1656
8153
915
9490
285
2870
3275
3735
5587
8493
2990
2797
9552
1228
1352
9900
6488
5172
1487
8192
453
9836
4757
6819
925
3080
9200
6820
5709
8340
393
5935
3881
3864
6538
9677
6391
3945
836
8933
2604
9362
4024
8390
1670
5114
9351
3681
2585
7549
1929
9374
9879
8039
5408
912
764
115
2940
7449
7685
5211
7713
7733
1735
6312
293
9522
6770
895
2294
3222
9964
569
9630
6466
9270
4701
6100
7472
8470
7829
6418
875
780
3977
7219
1996
3365
3693
1964
5127
9687
2686
6074
390
1537
451
620
785
3046
7285
5150
561
5524
189
8597
3997
9256
5400
7315
9007
8191
7646
101
1980
7140
9428
6511
5958
5539
7604
2690
3317
7433
5223
6052
495
2888
7030
1040
1845
4859
4739
6995
2349
7085
200
8830
8169
4413
8036
2021
3144
2871
8660
5893
233
4394
2656
4349
4489
927
2323
36
2164
9096
6644
783
3803
3959
1268
3487
9896
4204
8005
4101
9870
4902
4714
4687
7937
773
383
2333
5940
9137
7377
2922
2722
767
8702
1505
7757
7998
520
2617
1843
6089
6866
5462
6032
9683
9603
2933
7120
4623
9062
2725
826
3700
9122
4365
9576
5735
7581
1722
3305
8684
3699
356
6713
6413
2514
9425
3526
6570
7759
3640
2792
7009
2112
2790
2935
1186
1114
502
654
5301
2877
9659
3262
1310
913
8122
7814
2591
4033
8291
6584
2305
376
7790
5896
1743
5036
9334
275
3052
619
1753
625
7806
5582
9548
2115
5261
7664
8227
5591
633
9638
2822
5499
1128
8066
5926
7405
9778
224
2208
675
8149
7813
363
295
2852
8717
3464
3202
697
2944
7334
7866
1851
1989
8379
9106
3348
5621
3525
4431
5435
2225
9218
3694
6033
6046
804
2767
8356
3370
9311
9540
2107
9831
4974
6192
9762
2991
8768
6938
7676
7858
1736
3680
640
2224
6916
3196
9593
8004
3904
4125
5328
6347
5157
8318
5784
9463
2018
2307
9313
4527
3940
2775
8515
9052
2624
1217
2474
4232
3102
8362
7773
2899
3736
2895
6556
4415
6189
263
405
9005
9092
2927
1063
8796
2782
992
1575
3638
7665
1472
9932
5249
9744
3502
8783
4516
8215
6295
8762
1934
8950
510
5992
8289
3575
5002
3118
3057
9578
4129
9710
2659
854
9747
4643
9280
9191
9453
2258
4043
9341
362
8451
197
3264
9803
6407
9925
2453
2198
1650
4176
9874
8556
7468
5161
8696
7797
9357
3047
7017
4938
2563
5902
2145
1309
7184
3730
5386
6814
1448
7437
1009
7989
9405
3903
1596
2151
9377
4312
6836
7672
0
8046
857
5597
7291
4908
9304
1447
9643
3279
1032
8119
8161
5605
4140
7316
5365
3689
4790
92
3049
5526
7534
7832
3258
5565
1175
409
6841
7298
3208
8632
3150
7073
4657
6984
7326
3951
3422
5329
7411
1112
4601
1578
6831
8243
5334
3698
8210
4994
4980
4573
9761
6519
6576
7330
5535
8057
6212
1510
9332
260
6754
2296
951
662
693
1141
4437
2676
7974
7309
8164
4023
1946
6591
9546
3140
4991
9048
9626
1658
5528
9205
5761
7895
6276
4881
3550
2788
3358
4810
6783
4013
1072
1392
5066
7589
5425
8142
3634
7715
436
9680
5447
6390
2320
6316
3345
8258
1398
9076
8341
4843
7496
5058
4651
2056
6255
1668
5012
4379
5485
6301
8140
9184
4414
9194
8019
5639
6854
339
2055
3216
2530
4171
4409
3745
6761
7544
646
4098
6771
2285
621
8078
9207
1248
2254
6600
2379
1992
7265
4420
6438
7012
1304
4517
3855
3225
8924
3631
1492
1611
3943
631
5307
867
7663
5470
8203
5656
9537
8405
9976
1369
3947
146
6664
4407
7095
2165
8069
8444
1799
151
1197
1412
90
5911
6477
6222
4388
4004
9360
1651
5252
8591
8162
4798
7775
9312
3822
7111
9709
245
6646
4139
3234
4986
3211
7539
3853
8720
8442
4145
249
8820
8371
6188
8728
9799
7624
2907
6348
8124
9765
9190
1781
4292
671
6824
1917
3724
1764
1940
7321
6680
8025
5608
7098
4563
4995
9583
147
7375
4267
6063
7384
3842
4904
7874
9343
1107
1536
2317
6139
3002
4487
1544
5923
1071
9770
5796
3746
5037
2048
7247
6928
1908
3051
2595
8610
6313
7677
3157
7414
8365
2122
3948
8593
5154
3925
7467
1474
1933
7634
5218
7409
2455
9416
4146
3176
2437
102
2827
5354
6986
3743
9794
9133
1135
3000
6398
6764
9563
1084
3437
5731
7253
5701
4298
7492
8651
5397
7835
2842
2838
914
5733
7780
6280
3727
9148
7621
5879
194
3653
4473
508
7041
181
447
9221
8869
8600
6813
6941
3949
5143
6769
9166
9104
3532
7407
5014
6257
2564
1221
7209
6361
5219
2207
5799
1096
2337
7109
676
8977
4677
4806
5516
1283
8312
7781
2276
3274
5260
1546
2811
6237
6178
4074
6622
1249
7156
7547
5554
904
4922
1945
4430
470
8499
2072
9828
3712
8465
9302
9109
5431
7616
9599
8204
5187
8438
3768
6988
2089
1349
1303
9101
9654
7255
4190
211
6392
4373
5046
7264
4606
1339
580
4021
2440
1261
4566
2992
9810
4578
1792
8319
1274
4089
4707
5070
8197
9715
30
7817
5373
4735
3852
6669
8862
4399
4626
6626
3498
9613
2316
3726
2356
9648
1557
1200
6678
9476
1969
6337
4658
6084
5117
9444
4940
7504
1887
7769
1148
5119
8658
3045
8598
5476
2047
8098
1991
7448
6682
2229
6130
2324
9286
2984
465
8105
7647
957
6442
3200
6653
9642
218
9993
4105
1399
8043
7721
4753
9013
6068
6400
3610
4184
2156
4154
4964
1184
4948
3593
5107
3091
9716
6099
5419
307
3203
1576
4936
7160
9301
2834
172
7096
3257
8826
5654
7458
3826
7136
3356
7953
6571
9012
7395
2533
9030
776
3957
3022
4595
4109
6150
5008
761
3224
5692
5657
9283
6193
6936
806
745
6625
7758
4297
6873
1002
2137
3626
9726
4579
5778
1502
49
7562
4993
9282
2116
632
794
6030
4064
4289
4793
9545
6933
8307
4965
3391
7319
175
7940
7947
433
855
2314
8469
5918
4871
7282
6009
7421
6285
6377
3277
6805
1332
847
1504
599
3403
1215
9462
9254
9789
6345
1777
7367
8501
1950
3620
3713
8861
3854
9992
566
5167
2499
5455
5387
2421
9577
6993
3239
5934
3174
1046
492
7726
5655
7941
1562
4829
9758
3956
1351
2226
2804
4571
6786
1140
3384
21
6848
4896
6776
156
8337
8608
1477
5619
9245
5842
1460
290
1818
7841
2345
7608
7429
8207
2025
5069
5832
7299
4503
6146
8229
8964
2540
2078
9275
9798
3240
4855
7181
6529
7831
3565
6335
9470
7933
2796
2343
8071
2313
5149
8815
910
8080
817
4634
6629
2738
9959
3410
9795
8321
3468
6110
2610
1300
974
3930
7808
4315
9719
6947
8059
7364
3808
9511
2961
963
2629
3339
964
2516
8074
3386
9481
4635
3383
9210
1289
3492
5947
8647
9064
1370
3251
5227
4195
6495
9322
1418
1462
9664
5308
1999
9891
107
8377
4225
2793
6687
2063
7229
4042
1686
5519
7682
5319
8803
9671
1106
5489
3611
4905
2627
3784
4732
6122
7852
8195
2858
5006
6263
975
2879
1888
7271
3558
7227
6569
5984
4828
2104
9422
7079
8929
4280
6760
3479
9287
7459
3514
4126
5396
3987
4217
482
3917
7034
3081
6422
6412
2360
1577
1600
4816
6411
6029
5883
7977
3445
1827
2049
1407
1059
5369
3566
7337
1550
2233
920
4017
5352
6834
460
2721
3567
9002
2556
7586
1286
210
4132
8893
5294
1159
1598
3398
9807
3094
8740
3655
8974
6709
4364
9186
3432
1354
926
617
80
2983
4498
2133
7343
5797
8581
1952
2688
2982
3507
2794
5359
6601
5795
5281
6575
4081
5865
7418
4250
9580
6216
5403
1246
1654
9507
4329
5368
366
8525
3135
441
8089
1005
9019
9359
1419
2082
3766
4182
683
5213
105
2050
6329
5877
354
5613
1213
8855
8903
3304
8554
8616
1281
201
6996
9097
8649
5686
3458
3065
9899
9937
3544
6201
9175
7970
3978
314
6352
4466
9809
9003
5266
923
8498
6702
7560
6752
3156
4624
6166
4244
9750
8166
5805
6364
6643
8679
9306
1210
7192
534
950
3014
272
7195
712
6134
1829
2290
208
4625
8361
1817
1256
8673
9590
1312
5913
7528
578
4345
4470
4355
8211
4468
2154
3765
9298
4328
2134
4505
420
5602
4515
5915
9661
933
8661
8401
2752
7605
7752
9592
6829
1428
4200
1105
9433
1185
6508
6397
3360
8242
5406
2881
9763
7157
2484
4384
3690
9539
6593
3284
7921
1503
1626
6299
4275
228
3245
3748
2281
6676
2739
323
4381
9876
2705
8474
1591
7913
3451
2028
9115
1624
1234
5040
8265
545
8180
4887
1646
319
4734
4874
3427
5969
213
9984
3937
5599
7374
4823
5994
1922
1560
8966
61
9752
6867
7556
4159
2947
5690
5829
3429
1327
5469
5782
3814
4743
2753
3828
9396
2592
6247
7345
379
4230
4207
3622
603
6980
1198
5628
4879
6729
3660
8285
8921
394
173
7922
5207
626
8466
3659
9193
6359
5336
330
6226
9046
64
8051
1675
5311
8404
1396
7599
9111
3508
2494
9723
6585
1403
7655
5015
6688
6748
1098
2768
2769
2974
347
1484
9284
9319
7388
8749
7424
5358
8031
3528
4982
3419
9815
4792
8889
5044
4979
2776
8773
9739
1800
6981
6581
6382
6235
9570
7469
6917
1469
5420
2391
4958
4564
2525
3672
5630
6396
3220
9155
3382
9559
5314
342
3346
5914
653
4997
9600
9197
7399
4465
9717
6022
1563
5644
132
6264
4352
9972
865
7188
1683
4776
5892
5678
4690
9015
4852
7267
4050
8858
8270
1687
9722
2446
3998
1657
2618
922
3400
1350
4931
499
8923
9882
6879
8085
7305
199
1280
1255
7532
993
6351
7162
9324
1617
691
1214
6165
4310
8103
5584
6127
962
6510
3515
5297
3001
28
3753
3083
4999
9449
9663
1108
6500
7163
8520
8402
4149
5009
9931
6293
8189
3816
4988
2943
5025
2312
5255
4848
5952
2875
488
9276
3897
9944
2925
9881
53
5744
2723
8687
5564
8541
3876
8482
5610
6290
5416
8738
8034
5704
7240
5962
94
3635
736
8141
1422
3785
7477
8744
5712
7952
8967
5950
2434
8547
8671
6209
2462
4592
7094
6905
6179
7179
7215
6965
9375
6311
7893
3669
4416
4814
9308
6363
9061
9226
4724
6177
3901
6850
7295
7976
2321
740
6173
8302
2220
9031
2633
3895
5031
1554
162
3740
296
5412
3556
4939
7830
7595
6668
8850
3093
5179
589
8766
2202
6746
5217
7600
8838
8112
3189
5534
9619
5327
9168
1498
7591
4455
3549
5325
5466
9620
7306
7526
2190
1948
9941
2399
9103
702
1230
4629
3104
8415
557
1920
4866
8248
8552
7743
831
8208
7446
7237
7256
5823
8485
6320
2187
178
585
5018
9223
7842
6577
9502
2582
4299
6107
3331
7754
2512
7519
2762
6303
9525
9482
325
4277
4768
687
8698
7121
6115
8407
4371
2469
9188
9749
8253
5082
4586
9467
1854
4882
2127
6542
3069
3405
5073
8063
1684
2062
1738
5833
1168
9772
7881
8288
3720
2719
2384
9293
2694
1088
9692
8634
4395
3254
3512
4703
5021
8040
7839
5919
476
5196
4411
31
8908
3259
8107
9380
5874
1595
7369
5504
1926
877
8126
6775
5730
6812
6608
2501
998
8874
7462
9738
6948
7687
2805
6454
1202
2956
8070
7093
3798
5011
524
209
1918
2812
2193
1649
8793
2511
5594
7514
873
9616
6410
6647
6292
5981
4989
8455
9759
8065
8753
4268
9366
6176
7516
5710
9039
4638
7066
9450
6721
7478
6497
5670
6282
3786
5125
2522
7753
1834
5094
449
6934
456
5453
5563
2310
1287
3572
4107
4605
6884
391
5363
1409
7392
4551
947
9129
464
8335
9121
3238
3424
2177
6429
9026
2562
6845
8068
5682
2597
3106
5765
4453
5647
7833
7827
7675
2730
6248
7125
7986
3656
752
8416
6785
2553
5250
2918
5523
3500
1087
8426
4439
5739
5757
4283
4723
6003
4006
969
809
1573
4738
4049
840
7636
4233
9990
3230
1949
4921
8338
7512
6918
839
9318
9867
7983
1113
4796
3539
2217
695
7712
3337
239
5510
7762
4963
8603
8734
6057
5867
6562
8543
4750
2574
6227
6616
9883
9268
3169
5903
419
3308
8217
5763
6346
188
7398
1384
3307
2306
8346
8875
3752
5026
6613
8137
1661
6112
1889
4766
8829
6097
2521
6197
8549
3716
4518
5486
5889
1465
1421
7434
592
5645
513
5756
8400
6605
5427
7071
2932
7900
9987
6976
4890
2862
5844
759
5096
8364
422
37
5508
5357
2636
3887
1264
4799
3201
4347
5452
3335
996
2896
7629
8244
9856
6555
3007
7351
6278
7056
3747
3024
846
938
7218
844
8434
7236
6537
2732
3788
6001
6634
9079
5705
8741
2810
512
8344
9136
7939
5945
7946
1257
1878
8115
8468
2851
8167
310
9346
5441
7903
6266
1129
3929
4715
9608
9934
6565
5371
3545
399
7048
5960
7359
6766
6284
7890
8577
1754
7430
2799
6145
5793
8848
1565
2913
8120
6882
8354
6161
57
6369
9550
9621
5047
732
7301
7601
3364
4288
5897
6863
9267
899
5916
4082
5487
9253
2642
8562
5546
3774
9118
9208
9295
8403
6811
5944
1853
7172
5627
6463
666
7917
3447
4534
2745
4405
7154
3320
7331
4341
1967
9057
2348
432
3931
8135
2634
9347
4167
8911
9395
5895
4030
6302
2587
7697
6158
5184
2497
1956
8583
4932
8824
9081
5116
2367
710
6389
5398
6689
9333
1782
2420
9614
7406
7727
8844
6094
8125
4788
8963
9980
9542
3636
9997
9858
5251
4044
830
7603
9695
2771
678
1293
7077
2577
6662
329
148
3793
8831
9734
762
2645
318
7269
1251
1788
8249
1928
8320
6751
5285
3503
4533
9037
7944
9885
7683
2408
1582
6553
2496
75
3276
166
8530
225
5938
2578
5442
3529
7463
3781
8821
1702
4683
7173
2763
8443
1143
4239
8770
4457
1308
7718
9272
6684
2447
4893
7114
2672
4910
2504
2539
8752
3363
5120
7310
8024
9975
6711
1379
8678
4639
4366
4598
1429
2786
273
4831
6541
800
5295
7703
5530
2695
4500
4663
5723
4128
9230
8881
1524
2901
3751
6945
733
1825
7455
6380
7106
5575
9417
259
1496
1757
9871
4909
3839
9855
7864
4744
6955
9820
3457
6620
555
8008
9633
7197
1139
8236
882
7767
4325
7080
8840
8097
9116
9161
9053
9892
4873
4119
3187
6069
1812
6523
9124
4197
3413
9649
8044
5828
2508
6117
2859
7843
9916
1813
2393
8582
7963
5821
2571
8691
550
3591
1151
6251
395
2844
9968
133
2125
52
6888
6891
2864
9043
5362
5801
1301
109
3194
9323
2395
461
7360
8041
685
9246
7916
6728
2110
2846
6331
3119
7991
5380
1698
3821
5079
9447
3594
7461
4194
9080
2289
2679
4745
7500
8998
6393
9212
9581
3862
1931
7993
8478
170
4568
7908
1593
8342
4599
692
9263
2957
9636
4291
9494
2683
9442
587
4272
1034
9594
7958
174
5905
4063
9288
2392
9368
1194
2282
5780
9443
1895
525
9769
9777
7680
5197
9960
1885
9724
4955
7018
6436
136
862
1079
4615
2413
1770
4930
5303
916
4114
9714
5305
504
6372
1718
2917
256
9094
5511
7503
8030
9850
1443
1936
1872
8083
2004
2368
6260
9731
4622
3601
4835
8187
5943
935
20
4682
6308
3950
3939
3215
7260
4203
9501
418
9843
819
4308
5222
3896
8665
3592
6800
6509
8276
3430
6822
3663
6883
1062
7517
277
2780
8309
1119
7170
1036
9790
4937
1014
8159
9436
681
3619
4362
159
614
5696
7274
6525
9579
8765
220
1583
2338
2734
5589
9707
9509
3377
1478
2409
1359
5148
8956
7681
6714
9999
5379
7572
3497
3449
2970
5713
7007
9833
7968
527
2783
1209
9953
8102
7686
1652
5494
929
4957
6954
435
4495
8348
2493
3242
8758
9336
4913
972
5858
2543
6762
2435
2818
1614
93
7860
6019
3373
1634
3879
2259
3037
1083
2265
98
8902
9011
1903
9562
9748
1924
5860
4151
9356
3553
8839
5679
7765
4725
5384
4179
5942
5606
2498
7865
9981
3616
238
5814
6623
3485
2318
1795
2203
9143
242
6953
7325
2601
4846
9456
9927
6539
6739
4850
7288
9751
9860
5283
3267
9949
4374
4060
121
8111
7214
5928
8737
699
5924
1579
4162
3381
5506
1145
7822
9950
8133
8739
5689
3576
3347
4971
8842
3935
7440
8833
5794
9513
9492
2500
3721
117
2479
9238
8190
8772
7876
5049
4099
1968
4375
463
805
6102
7498
4400
4378
4445
8906
6055
2999
4548
7402
955
206
6973
4111
6821
7742
2891
8299
487
641
669
8150
9239
4928
4847
1132
6240
3849
7938
6332
3806
4523
6944
1017
9575
7257
6114
757
2528
5660
8268
3110
8198
5816
3006
2059
9541
8483
1029
9059
1196
8459
3869
1404
4779
9128
7666
9781
130
5299
5967
6674
3812
6681
7084
8054
799
1357
1898
4721
5909
7929
3127
4199
644
5446
4464
4460
9327
1590
4827
6065
7673
9939
5064
4596
3096
1715
2212
6545
350
9551
2195
9174
5313
8055
8605
8986
9421
4966
4088
3504
4612
493
5894
7302
1311
9189
5183
2861
3082
9979
4646
2241
4747
636
7523
4679
8936
4839
3033
9025
5429
255
8347
5493
6306
6765
6073
5176
833
7166
2427
5346
4340
600
6318
7350
8685
5108
4481
3604
1862
1006
4567
343
4837
3213
7828
6041
4424
7228
421
6221
9878
8504
704
6286
1018
3113
665
1497
8570
7005
596
5194
5072
6366
6092
3875
3480
1381
4314
5666
3928
2831
9383
3207
9688
7261
6567
558
3109
3088
4802
9150
9291
2828
1372
5372
2704
4543
9464
7811
1689
8636
8290
6825
2997
4972
7262
4858
195
5030
7489
8513
3151
1597
7588
231
7076
8599
6036
8182
2416
4380
8818
6489
8729
2361
8907
4698
7110
5168
7696
7212
2666
8322
8274
341
2422
4259
6970
1688
6053
7985
7023
7426
4157
5282
1434
9156
4076
2425
3664
9970
7270
9589
9418
5600
7847
8363
7564
8578
4376
4610
7115
301
182
9484
153
6518
2886
4444
2488
8960
6793
3086
3439
1814
4600
7722
1571
7723
9241
4036
7480
7138
8349
4477
2037
4644
1164
6159
7975
4248
9698
4627
5074
2073
1542
724
1773
6010
5388
7031
7684
6095
8863
1073
7997
6543
7143
3889
3472
8050
6077
4653
3368
5898
7728
2815
2243
6587
344
2526
1346
7047
368
5484
3968
1389
3760
4759
4346
8090
9902
5551
1840
5383
446
6904
2301
8859
5824
981
5668
3795
3167
990
5092
7943
6111
887
660
2647
2909
1513
7097
2787
8925
5593
5559
6246
924
5439
866
6259
5177
7558
2845
190
8736
8317
7481
8845
9446
9812
9069
5620
3563
67
3392
8128
8835
1035
1152
7692
5010
5321
5032
4062
2930
1823
4719
4818
62
1367
5741
772
6548
1857
9846
3892
7423
6421
9479
9587
2319
6385
7674
286
8205
248
1273
7415
6725
9838
8366
6832
889
7232
5825
8569
2946
3645
9393
114
5458
1804
8099
8938
531
5954
5401
4845
6045
3399
8487
2331
4678
9884
1065
4156
100
5933
2575
6696
1337
1060
1058
8410
1846
9957
4135
9524
2042
2664
9361
230
2172
1959
5141
9027
5560
428
3783
2273
3330
180
5100
1797
9735
4448
2515
6070
4028
8113
5318
9973
1027
2652
9526
4317
4895
5247
8239
3654
2609
3866
5592
3969
4870
5941
7279
6496
7570
8311
1592
2297
448
8706
6370
8709
6978
1930
6000
5917
9224
896
9087
257
5229
1454
1270
8890
6527
8940
8553
7597
6666
4636
4068
9078
494
3362
9073
9315
2988
3493
6738
9921
6024
7134
7222
3486
1236
1180
4878
7613
6969
3261
6874
9942
2029
8091
9032
5772
5135
6120
2167
3092
8508
9564
1405
3040
2475
4320
4832
1276
2460
8330
6467
932
2045
7662
9328
609
2964
7593
1521
6106
606
718
6717
2648
8393
5461
1763
8962
8456
9868
5580
152
6256
5646
8892
6700
5239
5553
8461
3966
7626
8021
5284
4998
9000
5540
7554
7725
9725
3643
8655
2385
4973
5550
593
2130
9338
5077
4001
3548
417
9584
2616
4055
616
7679
8976
5831
4549
4072
5598
2069
9162
7565
2077
3154
1275
9487
2959
4641
7483
2058
357
6184
8732
9352
1789
6271
7778
1942
3291
139
6499
2120
7341
8993
346
7165
1703
6663
6211
2144
4970
9108
5277
7130
8887
2884
2549
1549
5411
7152
5609
2839
458
9072
1707
9965
1970
1001
2934
3797
1373
4674
7513
8334
8559
1417
3505
8255
24
5803
5345
2906
5204
4585
7583
3186
4681
6691
5438
9851
5789
8764
5208
222
4417
5847
9169
8849
1220
6338
1099
6763
3841
7101
3883
8954
9746
7980
1616
3646
2520
6799
4668
2968
480
5128
8942
2471
3872
6705
9915
4073
1631
8639
5200
8806
6202
8763
497
8152
112
1023
6417
2718
1869
6722
8633
707
979
8035
7203
4722
6143
1089
6560
6985
1836
8675
4003
4463
5112
8367
4851
7659
404
50
9085
7460
7313
9736
1602
4513
9785
7322
4382
4691
9861
392
8567
5642
8905
9830
5068
4660
4880
6627
3266
5764
6060
5349
4962
365
3552
2628
9240
5700
3375
1760
4572
9813
1495
9996
4103
2452
2903
1362
690
1171
3996
1015
6218
5680
5084
8345
6723
5210
9102
1024
3393
5131
6880
4769
3555
9760
2584
1199
3425
1693
698
4803
4214
1998
4771
6963
2417
7476
2288
9093
4968
6182
8408
6574
792
351
7268
6827
535
6340
8670
1338
4284
8961
883
5013
2260
8213
5838
5663
7623
4710
2373
7506
2433
7344
1517
6833
2865
3455
7078
2088
2821
7113
4923
1809
6185
8087
2552
6164
4705
4713
1377
4781
8373
3409
3286
5481
7220
3309
2284
1092
6262
5202
3913
827
4813
3767
7510
9685
2712
5651
1811
6168
7566
1075
2697
7293
7246
2766
3848
5132
131
137
486
396
6640
822
1142
2898
8494
3657
5231
3340
7266
4136
7251
8479
9448
6977
3679
8851
2503
7391
4754
6990
984
3965
2126
3639
2802
3776
3185
3117
2071
3062
3708
4594
3612
8147
2755
6408
1755
1528
1787
605
6894
4370
8075
3178
2646
6807
6162
1008
6186
8282
9848
8397
8116
4693
6844
900
6706
2559
2483
8666
7838
9
7748
1124
4764
5253
6181
9001
1130
8254
8949
7006
303
3771
9480
1433
120
9549
4583
6374
2094
8873
1269
96
661
7996
7711
3551
381
6526
5925
9911
5748
1335
4432
9185
8643
2090
5414
9220
469
8246
2761
628
3652
6991
6200
9277
9505
7168
2451
9930
5367
7046
8701
9398
9741
1218
1543
4777
5278
1711
9779
3248
5716
2743
5216
6925
5017
7208
1102
5878
1897
8681
247
9764
635
7205
9144
735
253
4603
8612
563
227
1343
2555
1131
8386
9888
3789
5808
7000
737
2487
2709
3891
1042
2439
7161
5062
7470
1044
8716
5579
2765
23
2410
3758
8898
5436
6175
9703
401
6604
7614
8430
8872
832
9923
1295
3023
336
6242
2728
956
3484
3059
4960
10
4824
2140
7700
5502
1330
6154
1316
8306
696
312
1155
1279
9705
1400
9084
1728
2492
1515
9745
3687
3825
5080
9325
1871
4588
5930
1905
4507
6067
1547
5910
5848
637
1714
8755
1848
7761
3473
738
5721
63
7193
7001
9784
3586
7427
4153
2519
5569
959
4772
3136
4216
5880
7628
6141
9906
3509
2061
8573
6692
3179
3417
9983
8458
4580
9135
1820
564
1642
3991
2985
8618
8787
3026
434
7825
2084
544
5726
1110
5699
8727
2914
5501
2038
125
6124
6801
3909
1444
59
9901
3021
3899
6492
3116
8834
3227
5178
9946
5973
6028
4977
1548
995
2747
5444
758
6578
4040
9110
6910
6058
9040
7443
2132
6667
4067
3629
2615
2347
1723
2128
237
3847
4336
802
2758
7707
5987
8084
2131
5344
6023
6920
171
5953
3934
7338
2153
9297
1768
8500
4253
3701
3607
748
629
3697
6914
5875
3975
9089
8398
7538
5573
980
8900
3351
4201
163
6796
2023
9690
9696
5052
8175
1363
7479
8680
715
1095
3878
2513
8200
9138
4281
3313
4836
2551
5634
9862
6972
2257
9376
1123
1431
6778
3077
843
7026
5760
8731
905
8572
7803
9919
317
1909
746
8645
1765
3016
2371
7643
2506
7011
1713
2682
9788
5955
1003
4589
8688
1340
5752
5957
8871
4324
3494
6949
185
5071
1427
647
546
3471
2989
5673
7284
4134
19
7072
9962
4048
5353
6279
8387
111
7584
7169
8047
5694
5734
7602
258
4302
2192
8184
9826
8369
9265
14
7050
7924
5085
8565
6493
5123
9391
3624
5906
3107
1243
4383
8156
1344
5199
6230
3938
2965
3130
8650
7834
8185
5872
8232
8864
6310
68
6635
9832
9866
1987
7075
3232
3111
1911
2830
7373
1822
416
4133
6082
1385
3750
7259
278
5864
6558
6906
4584
412
4158
9534
1819
7224
8394
2937
8807
9704
4746
9755
6660
5407
1408
9877
2332
5201
7642
8579
655
9956
8613
3981
266
3042
241
6979
7196
4716
7452
9364
7872
6795
9261
2662
9371
2740
9967
3982
4462
7420
4441
5939
7363
5240
6922
9458
72
9818
8910
3173
7304
5544
4262
7587
6131
9303
1347
5155
6909
5038
4780
5024
5963
5304
1483
2960
4561
6568
1955
472
8178
483
650
1762
6546
3043
4514
4755
6772
7176
9610
454
254
3585
9021
1402
6317
2774
4265
4736
8264
2971
9305
4696
1580
2942
1082
6902
2764
8086
1222
2687
71
4079
6851
5409
8941
7104
4163
1974
9618
7869
2174
8360
4632
5790
1994
4525
5702
6195
7368
3327
9727
634
8012
477
8799
5677
5244
3231
9004
4863
9350
4009
4296
349
7856
5596
848
5146
8148
3459
4342
4935
4894
4080
8788
9406
82
908
939
7533
4469
539
1179
5635
6368
3742
9606
7805
586
2031
1258
828
3706
485
3809
1195
1806
7788
6234
7466
8433
739
9954
8725
4642
7456
6480
7886
226
5280
3522
3843
4860
9233
2536
5389
9192
5101
6277
4749
2006
1467
4242
4934
309
5413
5811
5818
7698
3394
5492
5827
6698
1638
4090
1442
4869
5749
4096
4130
7928
4348
7540
2759
7250
4165
3933
8350
5115
7720
4726
1296
6243
9955
1671
8990
9689
9653
5093
7201
2300
820
212
2470
8767
3482
4709
5364
1622
6167
4319
2538
8395
3469
6151
3703
4540
3725
5667
1374
3342
7185
952
2196
6921
252
9670
5267
8414
7594
518
9412
6017
7380
4767
8867
1271
8630
8139
6864
8423
3684
2157
4078
7217
2209
3759
3577
191
7029
168
6607
6885
6659
4138
9498
6919
726
7883
76
4699
3125
5300
2287
9414
5152
48
3661
9527
5256
4983
8123
9917
2448
9340
3964
6228
5418
5474
8447
1947
9646
155
5394
2502
4665
300
2372
953
207
7070
4271
4300
1154
966
9290
8798
8759
6042
7615
65
5497
6414
730
5558
4326
9569
7493
3675
1983
2685
8429
1045
3770
179
3378
3581
7491
9199
1939
1207
6358
4095
8287
3534
3193
4853
56
7667
3666
2681
4338
5581
2335
928
6304
2994
9875
9504
5633
1641
8001
8611
4471
9098
7281
7867
7471
7582
359
6779
7186
4070
2400
1204
5042
8847
850
8870
6804
1109
9260
2011
5810
9918
7428
320
6522
5643
8713
5091
6440
9127
8174
5290
8235
6540
2580
604
3087
9099
991
3325
6445
2253
7559
6157
2067
2201
8726
3999
1464
5871
5585
542
6816
701
1010
2481
5683
223
4619
337
4539
2699
8934
4058
4493
2206
3598
3990
4914
719
1776
5392
3314
547
1639
987
9180
4789
6233
6559
4804
1662
5175
9472
4093
7648
5263
7159
7357
4956
4034
4164
2698
1957
4174
4654
2244
1174
2013
3674
5755
3886
8491
5891
7579
3013
8435
781
8380
7783
4920
5675
9635
4898
4419
38
6859
813
7040
682
579
8637
9296
5246
5557
9517
533
5332
6974
8490
5164
7008
5758
3034
2376
7645
6994
6428
475
9042
5929
6453
2693
4529
3838
8886
4032
893
3754
7457
11
9793
6968
7592
2800
7451
2720
108
3160
7964
5370
1838
8023
5286
8486
3255
498
5081
1552
9401
8495
4531
3517
1891
4053
8745
7644
8935
2199
9415
6787
7966
6514
7717
4106
2602
5402
9140
8448
9500
3450
2402
583
397
3564
3146
5142
6531
1070
216
6219
5982
5460
3820
8686
4497
1153
3860
8617
4542
7543
4344
4942
1277
214
1551
4321
4390
770
8216
7959
3478
3787
7651
2074
198
8476
1696
6020
1156
8551
7731
5381
711
7804
2713
664
2715
2910
5890
2606
1047
7896
4593
8609
167
1436
6300
4206
2007
7657
1608
1253
2524
9299
1833
1830
5061
8555
3371
8560
2135
7497
6016
1842
2291
3835
3799
2035
2975
2340
8774
2214
7631
5215
1188
6383
8457
8561
5473
9438
1729
7571
6343
6432
6927
9274
4011
4110
2576
6206
9865
7530
2370
723
6494
2266
4353
6992
6730
1491
8786
8228
7618
6876
7180
6170
9017
2299
2736
9904
8877
808
5572
2106
3794
4065
2180
1049
3927
2268
4037
2517
9773
807
7083
1860
8281
3986
7902
473
4141
3334
5378
6449
1177
4423
9625
4398
7848
4429
8808
3923
3718
9126
7356
9141
2468
7133
2121
2083
7148
5707
6611
8971
7100
5766
9730
3954
324
5762
709
3623
4604
8781
2034
3665
570
7537
9070
6180
9339
9439
1530
8853
7126
7520
16
431
4587
5098
7382
2189
5885
4576
5775
3089
1609
6612
3048
7837
9497
729
6642
7942
4868
2491
1570
1371
9571
1744
9335
3280
7671
2075
2702
6224
9056
7695
9947
6324
7706
8537
3590
1539
3856
1126
305
8315
7850
2308
2355
3823
4181
7408
3671
4137
8417
6101
1122
2374
7059
6476
4286
9086
9859
2401
7347
6268
5547
3319
824
9054
1348
4704
4671
4485
1835
9656
4148
3448
673
9354
9645
9800
229
3137
3761
4822
1393
811
2973
7342
4393
2091
348
5771
5856
5173
9605
9251
1336
3095
8359
9708
8092
6011
4356
6481
841
1055
8785
4917
552
5056
4504
3175
119
2184
2461
4084
5317
3443
8836
5697
1876
3281
2952
8088
7888
997
402
9266
8656
244
7999
9913
6719
1414
9457
5562
9264
9486
1260
4872
5901
4178
9585
4758
8202
69
1254
677
9176
9986
1411
5767
6018
9601
3467
4327
3316
713
2674
741
6615
861
2248
5163
2579
4127
1238
9465
8791
3223
8225
9531
1445
2098
9404
7821
3696
6333
3777
9477
1997
4830
1315
5496
7272
3988
1169
3322
2472
5023
1118
8061
5537
7303
4524
786
7086
8856
385
2249
5341
2000
3219
9840
7863
2450
1553
60
5065
8221
931
9279
8505
8677
3647
9455
8828
9044
7404
5691
5961
8284
8329
3020
2612
5106
3171
4100
7632
5137
5850
8441
455
9805
6695
4575
4155
5324
3920
1506
3936
2223
1866
3728
4631
5993
7914
6452
6737
2010
4628
5662
1538
9966
8295
4892
9131
7044
2701
7112
6792
5576
3489
818
2819
1725
6657
2171
9024
5742
2353
298
7690
7641
1212
4740
7660
4160
7450
7868
4765
3596
3431
624
2449
3705
54
801
4005
4456
7183
110
4959
1629
4787
6749
8724
8527
3166
3533
1216
4987
6670
6326
2670
6403
8882
2600
1893
328
5316
2945
335
6520
413
1816
2996
2979
4692
7732
5045
2785
2369
1585
8134
8026
6059
3217
8503
3924
4406
3953
4486
8146
1884
3946
3911
5090
4608
9665
7158
3554
8496
3134
4186
1519
6504
8283
754
5323
6040
5900
7053
5335
6809
4045
9811
7836
9631
7669
548
4640
3773
1320
7189
1564
612
1331
2064
8797
4077
2256
7548
9152
7129
4883
4925
9567
1691
4526
6336
8668
2051
2651
3738
7146
2012
8776
3005
3906
1356
6870
4811
6088
5041
7764
8446
9825
9909
7484
4947
5048
8704
9203
2751
2283
3246
2892
3779
3894
958
7412
6038
8077
2423
1678
8779
8897
2527
8336
15
4372
8018
280
2442
5791
7653
6536
1011
4210
4480
4421
1136
8383
978
7122
8027
3017
2583
2733
3916
5746
4582
2637
6265
2986
3587
2801
6080
5237
8623
2366
967
1603
2667
9774
3885
5607
3466
2843
8237
8440
8376
9814
6632
9657
2429
864
6245
3428
5641
8878
591
954
1479
2303
4670
9063
2286
3056
3341
8272
2302
5129
2129
6194
1455
2261
7577
6535
8108
6655
705
4209
5356
2322
9933
7069
124
8328
3686
8143
1397
4697
2328
9077
7063
1233
7979
7145
2467
3707
2638
5395
3036
5448
6066
5088
4102
9940
1111
