190
367
351
237
567
601
474
606
408
451
592
27
740
85
98
617
836
396
433
56
311
776
594
185
940
745
844
840
54
553
314
147
468
590
482
833
230
195
549
899
759
767
394
991
138
602
78
75
379
28
242
959
391
296
509
268
150
679
120
353
756
738
889
813
206
313
96
729
892
934
469
510
454
33
826
464
736
846
496
146
658
500
153
519
12
424
453
257
692
207
478
423
711
8
985
463
135
839
459
251
928
352
782
177
390
862
548
827
865
429
933
81
878
404
902
721
755
243
734
363
200
622
323
642
537
912
417
569
611
88
338
163
492
743
276
128
30
123
410
808
169
769
750
179
466
861
72
0
111
21
186
906
114
63
596
221
573
299
34
707
327
342
710
216
507
250
916
718
74
154
502
82
798
427
462
282
967
187
400
566
312
732
632
546
908
472
866
512
198
256
259
536
581
545
156
576
639
9
449
486
278
881
112
295
949
178
471
753
597
790
62
715
831
716
101
903
104
434
127
823
165
858
403
490
148
627
593
11
344
113
815
357
708
505
763
436
655
558
610
238
942
3
35
874
437
930
175
322
990
89
885
493
204
900
665
10
771
598
628
972
890
477
948
855
651
346
130
641
217
102
656
666
648
938
93
694
887
26
232
554
600
845
747
181
439
888
511
65
331
968
18
484
485
289
425
742
696
828
970
714
488
577
722
460
709
61
134
522
701
932
149
698
224
907
664
140
643
700
461
341
233
816
290
789
615
713
274
280
302
380
307
552
572
7
891
381
989
382
205
495
231
662
249
691
248
347
52
848
778
929
14
270
997
810
143
239
350
271
438
193
897
286
516
413
192
253
561
383
931
802
703
672
68
604
741
317
582
284
618
647
514
960
636
880
309
893
925
910
565
281
728
914
43
835
405
359
213
16
116
794
695
895
944
67
966
957
678
387
141
39
923
392
595
326
797
837
234
411
36
575
386
452
644
904
40
543
110
435
301
952
557
842
374
853
864
638
978
686
273
117
258
570
458
541
791
103
856
432
973
86
875
318
775
494
164
57
562
46
841
361
17
42
71
705
50
825
13
817
879
172
657
377
133
199
310
41
781
174
754
830
870
373
6
194
873
784
829
279
869
523
19
689
560
303
532
334
783
210
812
354
646
649
563
105
235
625
669
348
963
220
660
355
793
935
799
955
297
956
412
371
370
421
401
64
953
623
44
811
166
993
360
640
218
774
90
161
733
937
851
971
80
785
555
685
499
574
49
621
336
535
325
167
761
160
378
448
487
871
418
613
214
398
265
719
24
724
118
168
624
616
551
770
986
261
578
702
712
47
94
677
212
202
525
805
792
974
106
79
132
670
730
450
339
941
539
671
287
612
343
954
66
442
92
540
513
247
97
884
588
992
285
4
633
267
183
142
521
215
428
653
704
184
962
608
498
965
661
772
822
982
773
587
262
384
544
760
298
60
84
922
796
108
272
926
834
814
693
321
457
503
788
872
300
619
1
397
530
533
524
508
266
697
859
5
901
688
171
913
420
571
402
917
246
860
634
241
497
444
288
568
876
946
481
630
277
975
999
229
787
832
456
803
943
603
368
800
345
122
550
909
136
939
443
129
981
824
980
673
984
739
426
226
517
330
491
121
375
987
87
654
995
304
95
809
55
328
652
607
222
151
752
362
529
580
2
706
37
795
620
319
977
180
446
768
920
737
804
139
852
340
945
393
441
996
877
821
998
480
305
292
520
538
857
223
807
635
731
176
645
843
219
924
684
203
717
950
898
29
757
518
526
263
76
255
964
556
994
385
531
157
291
15
820
369
126
70
764
528
137
59
758
882
372
196
91
107
306
589
631
780
674
283
189
559
542
414
868
145
847
440
264
921
936
252
818
83
723
407
227
746
131
73
489
208
320
467
399
983
269
389
749
961
905
332
527
32
927
586
430
969
766
358
445
158
765
364
395
315
53
225
245
473
144
294
915
547
819
447
191
762
431
275
188
951
886
854
155
58
605
863
896
976
699
69
579
668
308
109
329
583
349
20
23
376
779
637
244
254
152
867
883
260
475
240
31
125
515
786
45
365
228
77
415
683
25
534
690
501
911
422
801
209
506
585
465
366
337
504
681
409
748
483
100
629
751
667
335
406
119
682
720
659
591
455
236
419
470
806
894
316
609
687
650
584
676
124
735
211
388
850
726
293
777
680
324
979
201
162
170
947
919
675
614
22
988
479
727
958
48
159
626
115
416
725
476
38
197
744
849
173
564
51
599
838
918
182
663
333
99
356
