16
652
80
164
662
316
147
141
822
232
841
220
672
816
301
206
361
778
90
881
771
162
230
46
833
721
830
817
998
192
624
986
642
460
500
340
846
374
166
369
524
313
238
996
731
211
984
855
280
634
791
59
735
572
476
274
42
638
549
739
495
785
949
720
515
889
127
475
26
122
423
367
14
583
543
115
347
360
865
676
378
263
329
882
326
961
282
760
535
637
934
416
606
244
126
134
933
187
913
709
818
554
664
222
195
23
801
99
8
796
140
33
545
403
254
1
404
43
675
692
964
562
53
83
693
612
104
225
589
914
748
789
442
198
615
334
249
390
946
197
119
473
542
243
285
506
117
596
111
485
684
891
311
156
32
356
409
705
425
223
371
566
547
427
91
452
904
826
114
815
536
794
971
497
159
805
432
746
942
540
608
284
960
706
84
247
401
630
555
410
905
579
903
306
527
76
481
751
788
804
756
781
883
191
354
246
688
593
363
716
19
296
129
251
283
962
348
27
48
165
168
767
598
528
965
240
339
266
906
663
372
953
444
821
412
498
399
763
448
740
632
389
835
994
795
713
782
978
468
459
421
437
245
384
683
609
71
533
899
489
92
297
219
221
963
939
336
859
82
370
945
680
757
491
318
550
726
970
139
279
149
152
753
67
443
657
24
224
729
21
93
56
450
323
180
358
932
28
806
49
640
577
380
172
161
324
538
136
207
772
431
893
88
646
993
260
39
544
837
679
743
920
304
436
717
386
559
870
879
839
916
66
52
98
935
257
686
328
775
950
836
814
894
61
130
208
761
600
188
264
294
571
869
308
871
69
193
590
551
668
272
969
154
445
938
102
819
465
878
831
467
12
320
375
702
541
773
484
967
322
449
614
100
926
823
298
116
86
674
253
213
714
128
50
321
256
6
58
790
68
355
957
768
132
591
20
991
302
888
291
537
585
880
4
479
79
63
278
558
396
697
496
504
995
647
353
901
5
651
75
887
749
655
237
951
350
160
860
974
877
163
267
701
315
190
277
799
992
523
825
345
153
422
376
37
708
411
613
346
167
454
557
513
2
569
786
47
157
10
956
927
182
242
793
532
435
174
895
738
809
300
741
522
618
892
135
564
937
38
769
474
120
650
980
424
578
725
0
231
41
94
276
118
710
641
177
9
929
616
873
989
723
241
397
631
413
800
138
469
146
359
179
851
897
392
395
103
954
72
912
777
928
45
456
357
461
848
483
275
519
509
627
979
917
745
588
902
151
295
921
861
239
517
493
307
439
64
565
212
947
309
466
200
312
573
236
810
65
719
202
341
854
633
402
911
482
885
73
982
764
499
217
31
669
696
204
863
382
273
744
654
158
503
25
597
18
108
840
377
852
730
265
34
525
736
271
22
548
526
853
462
622
292
733
106
973
943
259
325
666
653
813
446
464
96
447
60
864
792
602
862
844
619
925
394
898
896
595
755
808
74
364
516
909
510
754
670
40
890
635
144
430
438
703
718
385
327
687
787
13
124
711
658
343
387
699
471
229
258
959
570
480
563
248
660
173
857
36
580
228
270
770
715
261
678
391
661
643
155
626
856
586
366
900
426
290
121
414
876
829
269
477
95
148
457
941
176
77
337
936
567
170
508
286
968
512
514
807
607
576
531
492
293
235
690
186
975
952
429
742
707
620
659
985
381
648
97
383
639
603
623
694
682
765
834
189
110
747
803
981
487
997
418
966
665
867
759
923
472
592
625
218
494
289
113
417
621
824
406
931
677
352
886
453
17
636
194
255
553
335
455
415
105
30
123
695
520
434
700
70
150
645
331
87
181
490
505
977
780
407
671
999
584
400
209
7
762
842
924
398
288
728
201
908
35
15
344
875
802
667
175
872
737
907
752
233
734
463
420
604
89
203
732
210
112
287
419
137
317
940
758
501
440
988
310
133
351
379
184
268
884
828
319
727
299
644
507
704
333
81
582
107
29
478
832
915
845
574
131
922
990
868
820
428
838
169
433
305
784
488
649
987
750
958
722
368
405
11
109
955
3
393
611
281
145
125
685
55
575
250
171
332
51
827
349
227
681
518
858
183
365
712
85
330
766
849
458
811
774
581
866
594
530
486
910
605
560
226
262
568
656
944
534
948
797
57
215
847
983
511
185
54
342
561
78
101
779
673
199
874
556
234
972
252
338
143
441
783
451
62
552
798
314
724
388
521
196
617
216
214
362
546
601
502
689
776
373
470
930
850
587
698
178
205
303
610
408
812
142
918
44
976
629
919
691
843
599
529
628
539
