6417
7999
9852
9266
4966
6686
9934
8951
7895
9551
2118
4688
5319
5307
9255
9977
7098
2595
1955
4307
6817
3172
2978
4183
5064
2032
3012
1797
3906
2202
3597
5549
8168
1940
2147
6121
3614
7515
5156
155
272
6436
3701
4941
2612
2391
6166
9143
9894
7341
5653
1593
2054
2630
3948
2225
5565
5342
5069
2460
306
7109
3507
9637
3129
4940
3192
2438
5498
1561
5916
9890
6481
703
1362
1620
7631
518
2039
9221
9113
9664
427
6938
9056
639
7316
2742
5894
8097
8278
9778
8326
5575
9212
9410
356
3812
6946
4436
9838
8176
4619
7907
6575
6594
3008
3634
1281
6138
8846
3705
9295
4978
6355
2185
3403
8982
6894
8786
1878
8712
72
223
4479
818
558
4967
5903
1312
3271
9297
6628
7213
4604
4496
8330
7054
4052
5717
3208
870
7134
6088
2902
9055
5008
2420
2803
2929
6050
7114
7755
9724
1277
5326
289
1189
3909
3742
3844
3352
9967
9041
1230
7933
275
5781
8836
601
4719
3511
6287
6465
9869
8715
7201
7524
256
2865
4274
2356
3908
2976
9988
8293
5700
6096
9253
9185
6065
2004
4666
1184
6491
2096
7027
7385
9282
1939
3182
6720
2516
5289
6432
9764
9136
1400
2003
1309
1843
8728
472
6584
9058
2171
7212
2920
8266
4311
9682
1619
881
8333
4691
9307
6315
1750
8305
7560
8576
4973
8334
8539
4930
226
9592
3233
8277
2906
6610
505
1103
302
9687
5897
1504
2230
1537
4270
2105
2981
9496
3863
9382
2340
1569
7023
3358
5464
7817
5459
6003
5389
1804
249
9027
7832
8432
7597
2756
3468
8012
1075
7490
4359
5866
9678
8066
3641
4276
9074
7593
4882
1177
4513
1456
1141
200
8549
7504
967
5469
7884
6122
7692
2448
2437
2134
2121
8926
2807
6597
935
850
1647
4515
3987
8901
4308
2490
9527
8581
4564
502
2715
5514
5206
516
6430
1433
753
3210
5758
6454
3638
9064
779
1609
6376
6354
7015
7902
6285
7334
4123
8313
7265
2421
4091
8969
7644
897
5413
3988
7272
4086
8970
6666
5255
9832
7359
7870
8469
33
534
3780
7529
4491
1998
6462
2208
7239
4541
8256
9518
4858
215
1467
5218
8570
2017
9381
3249
3392
1260
9180
6100
3797
2886
6221
4450
8217
7058
4347
9645
3449
7746
7072
8583
9480
6694
5499
2341
666
6955
8578
9652
2479
2038
9106
8347
2069
8748
7825
554
7607
9569
8090
8311
2337
4880
7353
6647
2405
4164
1754
2825
2311
1403
6672
9274
9929
5872
3605
3149
3212
9153
1962
1470
4179
3996
9238
9642
6828
5461
5436
674
737
8610
4951
4661
5173
7130
5922
6935
5079
3219
9239
6941
4221
5092
1382
3141
2654
4617
4547
8165
3532
2842
5408
7546
93
6911
3769
871
9242
4007
3656
1389
7041
4721
2549
1907
3429
3692
2870
4299
2436
9801
2953
5345
8082
7956
9234
998
4140
1438
3749
5038
3984
7725
9871
8850
9186
8178
6523
403
4568
1697
2941
6553
966
9937
9314
6086
244
2619
889
5399
9677
3892
1767
5184
2435
8908
3174
5505
5685
3652
9719
6620
8430
9886
3306
8264
1625
8545
5454
8733
8301
6218
1317
9187
6741
9881
8966
7418
4292
4437
2780
9383
1220
8941
5740
4397
9657
7967
4005
8890
8189
3311
8919
2789
669
5124
8804
1462
2687
6570
1815
801
3
7419
9269
6993
1660
4008
1292
3002
3493
9452
8348
781
7908
599
1129
5968
9816
208
6539
9251
9471
696
359
7535
9489
2080
5836
2616
685
5881
7296
1461
8657
6117
8212
8788
1657
9150
5593
6862
7139
1738
1466
960
2302
8297
6216
4703
3590
2776
7630
1670
4514
8705
5400
5962
402
6302
7978
9344
2165
2137
6360
1509
1311
6390
559
3853
9280
4031
1338
9474
9753
1667
1539
1023
48
8251
8431
6224
7195
614
1015
2566
7421
6322
1445
4952
4035
8122
6449
6399
1315
9073
6233
7506
6061
166
9911
7501
637
6583
8727
4159
9017
9035
7604
4740
3904
4494
148
6637
5339
1868
7918
8306
2774
7302
3036
2572
347
7067
8107
6027
7000
6931
9878
6212
7547
9231
3922
2509
1262
3305
1118
8940
3564
1516
8794
752
576
3659
7773
7827
71
3254
5089
5742
1225
3631
8554
1167
2720
5428
5931
4913
5078
3378
3480
826
5761
3911
1335
922
8394
3469
8220
8899
1965
4406
9839
3707
7222
323
6441
2745
2269
9701
5359
2285
4646
1085
9374
4846
1731
4518
9840
6701
7672
8272
8827
8497
9409
4087
1652
5584
6159
9327
2755
3650
5750
5405
706
7938
6723
360
9358
5782
9632
9559
1915
5815
8056
4120
9333
7319
3983
6965
707
5090
6286
399
9048
1510
6562
7601
2665
5895
3905
997
3582
2133
8346
187
5608
5084
5463
7771
730
7370
7477
7024
3554
1799
7244
4732
743
9156
7863
9515
3877
9837
3893
3476
6260
8407
4837
3423
4822
8613
5973
6819
282
229
7580
2459
4985
4265
9599
1821
4383
8434
5785
4926
4062
2058
6000
1176
8079
2087
3661
9780
13
4408
2351
305
5978
620
2190
2113
3438
4840
5551
1272
6586
3518
1549
1009
3261
5262
8978
9692
4852
7727
1137
5773
297
252
6434
8541
6812
9896
1455
9694
4729
749
8798
1060
4446
5878
7531
2192
9245
150
4471
9121
6156
5705
1043
950
4585
425
958
6446
5913
992
3542
8573
5550
5067
4707
4728
8307
1974
4006
527
3801
8812
1795
9943
3695
9373
6732
687
4752
8387
3575
1852
5907
6499
4176
8403
2074
9147
2624
2796
3416
8055
1993
8098
1528
1824
2741
7510
984
3262
5811
204
9040
982
4879
1345
5190
5856
4977
2294
6970
7970
2022
1995
3341
7320
6897
4559
456
616
5801
2077
4291
1533
6284
276
1877
131
9171
4859
3553
1659
9397
3943
3861
5452
9762
4235
151
7937
9552
85
6146
357
1174
4385
7503
3269
4314
3873
6202
8849
7839
2483
7915
4294
8776
7743
5378
4092
4631
7812
7063
3408
9189
5632
840
4150
7555
7402
5303
2928
7484
6305
9510
1341
2097
3270
9722
8595
9167
6292
7181
7084
7218
1988
3117
1235
9025
1356
2963
7652
5800
7497
5552
613
2057
6296
7110
6660
2883
2763
3285
1178
6730
4370
6852
3559
6410
9090
2350
1027
2939
6326
5252
3524
9576
2222
5297
8300
248
3080
3803
3425
8887
647
4692
1126
5602
1622
4533
7836
3868
5337
9249
3151
5578
5456
6347
8586
2339
2418
8649
5323
4531
8053
3538
9085
5579
3064
7189
4896
4933
890
5666
525
9130
6729
9328
4279
5813
9793
7266
6335
3703
3966
5147
7470
3014
1930
4775
9285
9275
109
5304
5253
9475
2231
7154
9054
5020
7710
7705
6270
3841
9769
5392
115
1048
7337
8870
736
5721
1581
5642
2259
4519
7513
7188
47
169
4050
3578
862
4576
2772
3835
1104
1255
3156
9338
6879
9408
136
7267
4814
7847
6923
9956
5360
3400
3175
7350
8564
3495
2956
7628
4610
7403
1735
2676
5248
8019
1718
3952
8368
2824
7240
4620
2450
6667
7637
2999
210
7507
7080
1720
7968
127
2762
4616
4850
7242
9671
4227
7808
2179
4214
4872
1162
656
9200
4835
4111
5765
5178
6564
8914
439
8064
4640
9194
2731
4830
4888
1446
1646
5001
192
3432
9031
3857
9070
5302
4388
5272
3910
4272
9390
1289
8627
8127
4869
667
7564
7298
6134
3445
279
2588
3369
6538
5169
7583
9127
8398
9439
5309
6047
7485
9800
8650
4873
112
4054
6386
5348
7069
2907
4238
6856
3024
8287
7669
4609
3963
7237
5477
4195
5739
3856
894
2537
3343
3038
9332
7431
1545
4679
374
4587
1437
4019
9359
6304
1748
980
1590
6799
1515
8389
2705
8183
5344
1514
440
54
8791
7751
4829
4200
4152
9065
6797
5434
4336
4300
8196
2260
2730
1689
5668
3199
1196
9519
4927
6324
1475
7293
7774
4380
4520
7835
5507
7326
8404
1898
7642
492
6011
5137
8418
2632
7143
1769
4910
7437
3173
1486
1668
3754
4162
5603
6967
8362
1182
3572
548
3913
6490
4209
976
4561
6708
2233
7440
7549
7684
7567
866
390
3295
5573
4104
1349
1888
7960
8676
3539
3850
8592
6669
3054
9343
9370
4712
1710
4139
4677
1644
9123
2495
2478
3084
7928
8619
3939
6228
9562
2344
7381
2443
7871
5757
9571
9815
8412
4301
7438
3627
8529
7373
2338
6001
8145
9095
6671
9720
8115
1258
7461
1655
1147
549
9302
908
9323
126
6565
9290
4161
1925
3223
8838
9446
4538
716
7206
4798
5649
5114
6317
7059
4033
3072
9174
8499
5315
9278
4937
6940
2931
4771
7691
849
7031
5112
11
7525
2614
6834
7851
8246
3790
8225
9203
2284
8787
1134
5367
3190
1077
6975
5261
6316
1365
1305
1579
9795
5273
7770
579
7526
1603
4548
7227
8884
196
2388
4633
1725
6295
5779
4739
7075
3029
4780
1237
6089
1835
6075
1171
1869
5690
8809
5497
6062
5141
4567
5998
3960
2642
1247
9914
9972
2270
7989
6463
6466
7533
5595
199
3955
1576
7730
3009
9533
471
1996
7436
4389
3142
2794
7040
4231
2014
7517
745
5869
7471
2924
1007
5787
3427
3203
5227
9758
9560
968
6104
6029
9958
7101
4076
4898
1524
5874
1520
4570
3213
8593
1098
3298
5478
8892
1185
5703
6035
5017
4855
3276
5281
6298
3941
4417
5276
5131
4044
8831
4387
424
5515
4706
7799
9126
8074
2736
7763
7841
3752
1271
3010
1975
5485
4545
2867
94
5424
2234
191
63
9141
9923
3506
3393
3100
8744
2938
8323
2323
5876
1366
8393
2130
84
3528
2534
6344
5656
4821
9490
5966
2114
7748
1884
3874
4115
6928
3766
1542
539
4023
6200
6313
5623
1107
162
848
7019
4948
1190
940
1818
3773
5471
5587
6130
8262
9641
4789
2033
3042
1592
7653
7324
1890
4281
6702
1169
1217
361
2415
511
5351
1871
6452
918
1222
7111
326
2641
9485
1054
6536
6442
962
2394
3678
2678
3421
9708
180
4187
8438
3065
8921
9384
171
8878
5034
1635
3805
422
1226
9261
8506
3795
8689
2072
4416
8783
3729
7155
2853
1267
6467
6105
2945
8535
7629
4178
7156
3048
8956
8309
9811
1969
1857
7344
4106
8316
4138
4994
4866
9353
4433
186
4818
5531
757
6256
9717
5035
212
4929
3947
4449
5431
4727
9965
3839
1742
7079
859
9412
7840
3477
9897
8771
6824
3527
7575
8360
8270
9433
9615
3334
1892
3520
4905
5586
2256
600
4247
8686
4163
9846
2315
8388
7940
3821
6403
2100
368
2637
2552
1199
9247
9663
8670
5802
9898
5435
1354
7671
9675
3037
4287
4041
501
9738
8390
8958
5748
2412
8379
5762
2977
4717
4782
1891
8697
8240
1089
561
9406
154
9435
3101
9003
6830
141
5225
2658
3478
6917
1594
1369
8132
1690
2476
1927
3122
2567
145
5590
6713
8349
4485
1732
8855
6529
8022
5979
7047
4327
7623
3624
8634
5140
9508
6413
8108
7393
4025
6725
5073
4148
4313
2286
1049
9736
3253
7765
7864
5480
3799
6896
214
1391
2288
1047
7108
9691
9046
1601
9229
1897
3974
6591
9256
6381
313
5867
2303
2196
2276
678
7127
5832
6864
4470
3604
6865
7521
1706
8169
4245
6559
3772
9766
4651
711
8185
5208
9488
9394
858
2281
9318
5560
9351
1413
1893
8740
5611
3882
2374
4959
5899
8518
9987
7230
769
5751
243
814
7834
4768
5267
771
6749
8299
5296
762
4391
6299
7007
5447
8609
8215
4990
3411
2769
5096
9813
8854
1302
7861
2607
3971
5741
6263
4067
6131
974
5828
4072
7624
8457
7925
1374
1119
3396
8026
1945
283
1227
1587
8625
6908
10
9114
7253
496
5292
1679
7714
3822
3163
1073
1876
5842
3344
4477
7029
165
3912
3969
7823
3184
5058
463
3092
7708
9577
5627
1564
5957
98
8682
3674
6684
9243
3658
1574
1146
6389
8296
4124
1866
8500
442
3935
6665
414
9000
8720
7791
5191
2441
470
541
1150
5213
3381
8651
9919
9704
4055
8781
9844
5217
7726
3567
290
3864
9649
3565
9809
8734
2352
5783
2360
1800
1216
721
4807
1053
4992
6841
5564
5324
9944
4644
8525
590
6504
3802
7702
5917
206
2381
6377
1531
845
7673
7651
5671
8737
784
1744
4572
3903
3380
2859
1275
2403
9888
5660
1019
6082
8174
7442
9392
7536
5388
2937
1540
7565
7638
5139
1417
118
1791
9710
4121
2371
9700
3866
6857
2220
6860
7254
7519
4861
888
3744
6875
3082
5952
6662
2950
1042
5393
3096
3023
8616
3633
4428
9563
3473
1065
7658
97
5516
8201
4800
4364
1920
4097
1651
1039
5474
2046
7375
9587
3379
503
8645
2156
6711
9028
1595
5443
4571
1614
494
6303
5395
9348
6658
6599
8761
3907
7314
6528
7693
1058
1482
1194
6358
6542
5797
3179
1917
2150
9110
4765
9544
6396
7219
5582
7540
4102
4473
996
9270
9854
3397
4390
8865
9783
6514
8655
4259
9362
247
5415
5743
2215
4777
5561
5725
1041
2523
3053
7617
7217
6445
1851
7116
1527
7764
6654
7619
4282
4352
67
8406
5513
8414
1274
1105
9859
1630
7979
4064
312
3214
5943
2235
4407
1813
4626
8187
179
5923
8508
5873
4335
2994
1347
5150
6773
8886
3093
2383
3944
6152
7454
9304
3485
6148
5060
5619
4202
8900
4324
5661
8015
9855
462
3973
6840
2466
9111
2191
2592
932
5995
6703
4180
6867
2871
2377
6480
4602
6866
5484
6408
31
5558
5844
8342
8938
3851
7301
535
2112
2864
9829
6863
4421
5557
417
7149
2203
4039
4704
8253
9546
8128
454
6461
6980
1873
3025
9875
8646
8722
9613
1699
4845
188
861
3964
3045
5986
1621
7872
1637
4395
9236
6831
1259
2750
774
9723
6265
405
7074
4660
786
7616
5544
4508
9389
1405
4203
2211
1380
9094
4716
4730
4517
2467
8606
1238
7146
581
681
5475
9511
5805
4350
783
7927
5087
274
5789
4003
5354
1933
8439
6563
3238
78
8149
3602
3368
7661
802
7367
7824
5010
7159
4726
209
5489
4577
8416
245
4718
7123
7211
1392
4690
837
9033
9083
5312
9980
6890
8961
874
9495
5032
1460
2636
3259
3435
6013
5095
8474
6428
8088
9124
1240
9380
2698
7224
6731
2757
314
8067
8109
7249
9922
8159
9542
842
7036
9658
9500
6878
2001
2429
1643
1606
7911
4995
6278
5088
6443
1855
3630
1285
2914
2243
7618
6222
5152
5695
4715
5379
8656
4098
1903
9574
4788
4657
8723
1334
9895
3535
337
2836
1297
5672
4472
5955
7557
8110
5199
4160
1673
8263
2752
336
1483
1157
9802
7171
1695
2949
4774
6004
7735
4278
7873
1381
1469
2681
5113
432
2601
4330
6352
9794
39
3842
8540
7577
1918
9583
6005
4584
7232
8795
6032
1666
8668
5749
1268
4353
9901
3465
1144
6046
4326
1544
964
7706
5839
5534
255
1825
3767
3450
1827
8710
4029
1282
2398
691
4736
660
6473
7335
8756
7495
420
5216
5176
2714
9952
4665
9460
9486
9609
2406
1166
6644
5135
8916
6405
3591
430
3895
7401
4870
4957
6456
4002
9517
4722
3466
6962
7443
1567
3999
2585
5381
9441
6280
416
4125
3191
5728
4979
2919
2093
6549
2099
9417
2533
9699
5763
5694
5528
5890
9162
7472
9118
2590
5526
6206
1464
2631
8454
5350
2608
5777
5180
3340
9386
2536
4932
7974
6331
8988
823
3522
2987
6350
1183
1350
8231
4499
1505
207
9635
3847
2503
9355
6607
9735
5086
5430
4838
4733
6508
5440
3583
74
3371
2178
7573
3228
7083
1293
9049
6915
7317
9786
3666
6258
8928
1253
4593
9974
1132
665
4269
1415
6217
3715
557
3033
3247
3676
9530
7045
1627
7209
8222
7819
3648
9494
1145
5363
7688
5234
873
5116
7038
3439
1938
1430
6120
5804
7789
6091
8221
5567
2168
7459
1264
7
8248
4405
8635
4344
7210
572
927
9472
2897
2541
4467
1017
4781
4280
8653
4051
2085
6074
3055
7558
8257
6356
3765
9072
6688
2764
7204
8352
1245
4081
6249
9104
1360
1541
5250
2812
8605
5317
2201
6793
644
2275
4908
6589
8078
2104
3979
3440
6128
9567
3682
4401
4133
2846
7275
4779
3250
3170
4744
2129
6197
9244
6784
6577
3860
7120
1229
3896
5074
831
5616
5629
6231
8758
6336
3660
9170
4414
4310
8925
1563
1326
6791
6291
2084
8123
6030
6059
3931
4070
7243
9617
3584
1568
4642
3855
7707
5473
5177
2570
4670
9913
9138
5065
3569
3858
1355
7722
9346
8999
489
1584
5981
3566
4742
5240
883
6557
3109
4683
3514
8693
649
6811
4132
8642
9572
6982
7094
7044
6899
2882
821
7166
1929
578
7196
560
7035
1663
4263
5953
7342
8042
5077
7668
6892
8532
9982
3879
6239
6208
8104
6958
6753
8773
8356
2246
2468
6573
6527
5714
4461
267
9824
3951
3315
2779
385
6705
6196
9315
366
5933
5647
6281
1390
5453
1206
3331
102
915
836
6170
2146
296
803
5853
3073
410
5230
8302
7879
6839
3594
6451
4639
1319
9610
2862
8817
2775
6319
9350
6412
2514
2095
763
758
4842
3708
9152
3128
875
4157
5935
1694
8979
5487
4146
3817
8677
450
6603
6073
2917
6682
5938
298
6691
5308
2492
7435
8774
2006
9092
9116
8683
6544
2500
8103
7541
3356
1585
8186
2045
8848
1680
163
3713
1422
6343
1536
5982
9493
5987
8136
8050
3221
9509
760
1506
9291
1500
5857
1577
8259
2645
86
7963
9823
9175
9396
3087
1708
3647
517
2447
5898
7004
3335
7721
6482
2273
6108
3815
2975
8895
3632
3245
2553
1493
1125
6404
73
7336
9892
5599
1672
4748
1546
8493
9732
5369
6333
1197
9608
4681
4884
4077
811
2261
9525
7256
3475
1059
812
2076
7416
1450
9770
1675
7121
2449
3027
2183
6118
8845
7732
6954
6038
7148
1631
8943
7752
8542
8106
8194
5517
8062
217
3505
7279
2926
1128
5920
1361
6141
3415
6719
3834
2067
3644
3945
8343
4435
4653
9830
146
8435
1371
43
7112
6679
5102
5198
1952
3710
4560
7182
3784
4286
564
2029
5880
9945
119
544
5539
7585
9999
8281
7387
5659
5108
2229
2550
8101
6901
8944
2877
4841
1954
957
8703
4363
5195
5574
6593
2407
8644
6754
4647
5406
3394
6656
273
195
7520
5235
7592
5784
2357
6976
1149
556
5450
499
2367
5238
4358
6814
221
2912
9248
1895
1790
1753
2638
2908
8894
2543
6937
6169
7390
7273
2712
4040
6416
3467
6783
4275
7762
8372
9887
3076
1409
727
3099
137
2292
3413
5371
4239
342
3740
9625
4925
9884
9039
3500
2790
6246
7920
495
5018
4224
8304
9858
2560
9739
5251
1372
9822
4063
4823
6998
7085
5274
1629
7231
1764
7468
2101
5042
1809
919
7426
5678
5596
3735
2611
5976
6661
7090
5796
1078
2971
5655
4938
1106
3982
8981
3309
2477
3867
6226
8312
8628
6225
4776
6984
1332
9948
4185
1634
2456
9310
7025
3640
6400
1882
110
5275
7173
6924
9605
7704
5688
9181
2197
467
2424
8691
6041
2565
315
5036
9550
7877
5223
5462
6699
615
8214
3757
8868
1476
1124
7561
107
2444
5510
1983
1158
625
4543
9132
942
5639
7208
7931
6883
6786
9258
8968
4750
8188
411
3723
5170
8324
5322
1024
8206
4126
3075
9548
7003
9455
6631
930
7741
7829
5016
1055
5852
4014
3044
4643
9984
3388
1344
5689
9554
9331
9313
4216
4463
3168
8603
8984
9339
3515
3837
2648
2855
178
9317
3031
7798
230
2334
6237
2889
1822
2700
5988
9903
8567
5211
9184
6889
7993
6782
7329
7136
8811
9711
6420
6511
4659
9354
9614
9979
806
9050
9932
1686
2833
116
2874
0
3463
9970
3242
4497
2368
7417
6023
1674
7263
8885
3342
2513
3876
5824
635
3711
2025
2160
9771
8402
1741
7089
380
4575
3891
38
5618
3186
231
5835
8054
2622
2423
3434
1503
9309
8857
4761
9465
2680
9688
8260
8514
8150
2325
1018
2866
987
1136
6802
680
6721
4921
9828
8867
2832
6478
327
1232
8847
6497
7955
4465
2214
9788
4022
8654
6040
5932
7261
2974
2766
6053
6300
5149
7683
6419
1904
4874
58
7176
3471
4504
8844
3130
8954
3677
7939
9647
468
4099
253
6623
2727
1711
6838
6718
5759
4145
7492
6900
5889
4965
1923
9395
4210
2451
2026
5260
1004
2869
6700
8175
555
1752
6503
5919
2164
8572
8038
3675
5051
2786
6327
7491
4891
7425
329
8295
6904
3885
5989
6097
3161
8701
4762
2010
863
8547
3091
1090
2991
9356
8569
5941
9672
6227
3220
5508
9506
8594
6219
5904
5479
9330
7896
8252
1665
3286
46
4964
5936
652
4749
6151
7384
5349
9650
3347
2684
5930
2510
3508
6893
9600
5886
3229
8840
6861
6163
9684
4753
3848
5306
2320
5971
147
9299
2272
9305
2253
1142
8147
7186
3176
676
8637
5984
358
5269
3536
4234
9193
3976
2332
1900
6071
5003
1396
1810
694
4000
4331
9010
7977
205
1233
1448
9947
612
6057
8553
5204
3115
7767
945
7412
868
8763
1782
3020
1801
9405
1083
2823
773
5863
3169
8010
6595
1991
6926
9440
3989
9016
9808
5449
2011
7137
7179
8692
2493
1704
9303
396
2621
2505
5492
4795
3267
6070
9011
9716
8070
24
7345
7655
453
6069
9503
4260
5861
1458
6049
4641
4984
7092
8980
5083
659
9034
3975
3626
5110
8117
2212
5735
3816
6485
2737
9298
4709
7091
384
7014
2522
3357
6634
7057
3376
885
6848
9211
2335
5174
7177
2784
6153
4075
8461
7162
995
1727
728
7303
4328
30
2068
105
2463
90
8446
1832
6282
3040
4705
469
750
6102
6090
5066
3275
3758
6048
4735
7193
5491
1375
9442
291
3154
3235
4501
1653
218
8429
3071
6950
4723
1656
1826
9680
7893
49
3070
4778
9799
477
7865
8095
1072
5259
6535
6571
2767
8032
1291
8269
6018
607
2816
9997
4017
1211
6989
5684
6555
7333
5158
8602
5680
5049
2857
3990
2651
7659
8073
8600
9841
3289
4384
3337
3409
7675
8153
7194
3455
6401
592
9754
5229
4864
9385
211
1633
7886
9531
3338
1351
3587
7581
480
9122
3390
1802
6039
1152
2498
1558
4010
5908
1840
7026
7043
1553
1010
6927
3237
9205
6479
449
4066
5465
5790
1968
2875
9536
1885
9163
2717
8228
1816
27
3645
152
8140
9450
6306
2210
3601
938
3764
630
1123
2300
287
3222
8139
355
6804
8784
5737
3404
4058
7259
7104
3492
9579
8350
3140
144
7505
8209
793
8046
5136
9292
7150
8490
216
8292
1958
2527
8556
1471
7646
2910
5877
5614
8772
5417
7423
8291
8509
7093
2848
4810
5502
1068
6229
3845
7226
6367
6859
7012
4222
2968
3925
4268
1310
6820
2814
9820
1091
5850
2770
1977
7537
2020
6178
5993
943
9341
5580
2694
5214
828
661
4853
8273
9547
4484
6952
7138
9761
3558
2422
1099
6214
2189
3899
2375
1850
8805
3483
1554
6455
5734
4546
810
7648
2535
5107
9962
288
9366
7283
9218
4220
5950
8876
6192
8843
8935
164
461
2127
6008
2948
1429
7964
9660
4867
5942
7245
1434
3079
2943
1921
1386
1092
2903
1681
7371
8298
9643
4720
2172
5364
7049
1978
7478
5948
2090
8877
6095
4769
2529
3227
5674
6605
6771
8633
1485
2604
7331
8614
4682
1074
9729
1187
3568
5910
6657
2773
2965
6600
2239
3299
4207
1425
4649
8473
7178
7349
6387
2830
330
338
9112
5446
1363
9084
8425
308
1112
3043
5081
6530
6081
377
4369
1762
5483
5157
5536
1875
5021
9491
5268
3688
7543
1497
9619
7234
4240
3782
8355
8939
5062
3628
1111
4623
8688
3110
3800
1525
6177
8515
2724
3133
8354
2517
8815
3623
4535
7347
1833
1806
8051
5104
9661
8202
4534
9893
3159
486
575
6945
8044
6847
3418
6913
3446
8917
2494
240
4001
5974
663
3288
891
362
5056
6440
5807
5848
5585
7407
4237
6736
2465
4701
829
3206
8158
9204
9232
9655
7633
4912
5142
7392
5472
830
3118
5792
7881
6500
1193
6415
9087
2065
9345
1736
6172
5419
8507
3562
1307
2329
4078
1716
4205
1705
343
6806
9431
4813
8716
5357
9250
1640
4322
7769
9638
7410
7807
6195
3098
4785
114
9865
1613
3482
1848
4317
4431
864
672
2946
6364
1548
235
4819
2685
2512
4074
7157
263
3571
5005
6609
1578
2563
8822
5885
6548
2002
9467
4931
1654
3484
5754
1935
4687
1970
7096
383
68
787
5760
2679
5538
8036
9014
4258
3820
9037
2081
5237
9227
2901
6393
880
1116
2481
879
1046
9588
6064
7473
9215
7728
9733
1632
8754
6422
6168
709
3354
5537
869
4458
5862
2049
2138
9089
9369
986
8818
8681
4482
1737
4459
1254
113
9698
1079
3788
3447
5291
434
2023
9151
1687
5682
1638
9195
4155
5589
8329
5202
6139
8478
9760
5657
268
6882
7837
1768
8380
4783
8242
2797
1963
4306
2248
9466
3153
1435
8881
9532
158
4824
6051
6614
1944
9622
473
1794
1148
4892
6715
6615
9099
4900
9367
9998
1901
7264
483
5496
2141
9492
1416
6977
596
6687
341
3933
2664
232
9541
7649
2153
537
7131
6496
9873
7569
2744
3243
4654
3308
8030
9862
8995
7971
3490
4261
6489
8872
8856
5554
5437
9973
7566
6789
8495
7268
6373
1395
264
8200
3928
3414
4396
9131
6438
5004
6264
9578
2650
5924
4113
3599
8974
4668
4909
2829
5871
2330
8502
9586
60
56
1333
262
7635
9453
2580
6099
9512
1523
955
7906
2369
551
6179
1034
9631
3081
8617
7609
1030
3068
914
3401
5425
7223
668
3776
9983
9931
1248
1700
8987
1219
9978
3021
7949
6582
2223
5075
8596
9459
2860
514
1411
2518
8018
3202
6948
7413
591
4346
2643
3994
4694
1662
9159
7448
6448
2610
3890
3561
9957
4698
2841
5111
844
7382
6494
3609
3727
9102
99
3268
6056
4020
3537
6767
1138
9721
9819
1130
4215
7627
7427
6418
2120
1985
8144
7905
5082
7086
129
1383
2817
153
5643
238
4673
2539
5023
120
6406
1224
4924
69
8204
7420
2738
8166
3580
594
5679
6460
5990
2012
3240
4412
6716
7017
1972
4591
6551
324
2021
887
2721
5384
4255
805
9013
3327
7147
1490
1919
8148
6947
5451
1035
5628
1026
6472
9594
2428
1628
7969
101
3898
9507
6836
3187
2951
9075
9501
3326
8491
9867
4257
9968
5310
5123
3419
2668
4741
8601
2175
8275
5669
1526
2754
7081
5626
6608
7260
1994
8235
8623
8331
3120
228
8519
9191
903
3000
8093
5569
1239
3405
9154
7788
1529
4423
7287
9117
9009
633
4536
7639
3510
1830
3560
8378
6294
5501
597
5925
1472
4068
4976
4592
3211
563
6021
7760
9836
3843
5926
7163
5562
5823
3929
8538
6368
819
735
2583
1402
5809
4834
4404
7192
8669
5432
190
4303
2000
1496
3034
4760
4635
7087
1864
1588
4856
7934
7397
9964
1376
4871
5980
3918
5295
1715
6876
5438
1451
4624
9192
7005
4996
3719
4382
1856
7833
9403
2092
5048
4198
8582
5609
2809
8068
3946
6459
651
5129
764
8007
7351
545
9921
8879
1556
5843
4906
5115
7694
5271
8537
1805
1115
1388
3836
9129
2887
1316
3504
1740
6323
2667
8392
2615
5662
2732
7733
5298
8061
2982
4634
1279
9481
1932
8575
6409
3981
5027
7030
4767
9001
9990
3671
4488
4312
5644
9207
3617
4430
9669
6310
8665
1156
7008
7990
6906
6427
6308
4101
4797
3391
6167
5864
7932
8111
7052
679
9644
5283
7011
5736
4403
59
7456
5411
6996
1325
7018
8806
1847
443
6554
6318
7778
8314
7988
7516
3762
860
76
4697
5914
1214
729
4249
5080
285
9100
6648
3786
4338
8903
2761
6519
7374
9969
5532
5155
448
8151
2205
7032
3132
7198
7235
2985
9142
6888
6949
4302
9032
5524
7248
724
8690
3693
6276
9604
9268
5039
2453
4264
7729
3846
9856
2066
2242
8735
2167
2264
7712
2701
6579
4805
8345
6424
7103
9555
8135
3546
2470
9473
4934
7650
8893
2461
1093
1308
1304
9976
2674
3525
8125
6921
6768
1928
9549
7909
6334
6792
8808
8171
9419
1521
4061
5398
6486
5418
1071
9777
1032
7681
542
8069
8835
4192
6621
5977
8566
8370
5677
2845
6187
9912
8236
2791
4904
7276
371
9966
6411
1172
8584
106
3961
7814
7020
4469
277
5280
7568
838
865
3880
5726
3824
4950
5361
3155
1056
618
6760
3090
9776
3501
2692
4506
51
7795
3088
2911
9436
5535
8172
1774
2361
6765
3852
5600
8137
2431
1992
3058
8632
5179
9140
6953
1432
2154
792
6174
1612
8698
5130
2385
8245
4181
7493
9216
9451
3017
3689
5675
9428
7225
4605
5500
6534
1163
8562
8211
5770
64
6709
570
7466
1404
1766
3639
5640
899
8052
2439
4323
7899
1401
9024
999
4211
6150
6382
3940
598
8447
2847
3456
5493
8033
4343
7860
6914
8338
2362
9457
2524
892
627
4444
8023
445
5093
7118
5316
910
8086
5702
9071
1100
2506
9086
5376
5706
4248
500
139
7804
3441
4212
4267
3544
181
1618
6874
5506
6929
3147
1474
3225
6044
7740
5370
8037
5249
9026
1165
2440
8526
2177
2998
4069
6849
7696
1427
6635
2936
3871
4316
6275
4253
7056
4441
1522
372
8905
9420
1241
1368
2347
36
9277
3838
3006
9444
937
9182
5226
4175
9955
6776
7917
4674
2462
7975
5819
1234
7190
5006
8768
6067
8726
3402
66
8180
5100
4490
8065
6388
7987
2682
7926
1854
2940
2380
2688
3046
1120
9737
7984
8096
515
3301
6939
2119
8420
8528
5891
6426
1976
6796
1358
533
2600
1423
4549
3451
6267
3166
529
3777
4970
5420
5494
423
7916
7151
9421
9782
521
198
4367
1444
9265
2530
9781
3798
4153
7802
2934
1295
4758
5387
8552
3579
2726
7828
5128
5403
6733
3364
9850
172
5944
4911
4883
909
8157
4613
4418
3700
8992
4773
3251
4480
5460
5194
1911
2
755
3698
2952
7286
8130
3743
5709
5540
2354
3386
5332
2944
4650
2304
7122
5117
9325
9757
4997
2305
2452
2798
7508
8679
7822
9105
3808
587
6790
9538
310
520
1204
7554
8479
7199
8923
8762
1756
741
5068
5033
3018
1874
5704
2893
5076
4638
5423
6421
5799
3216
7996
2759
9402
4680
6612
9334
111
1771
5921
718
6779
3686
441
3102
6761
167
7904
3121
1896
6439
6663
29
2627
9539
9006
3718
3980
9279
2879
3706
8417
5426
3830
4894
8934
451
7545
1858
8745
2904
7330
4454
3920
3669
8833
2925
6646
7062
4080
1457
3753
6244
1842
52
7736
7962
2659
5541
9148
7451
6190
9648
8825
7464
419
4127
9468
1777
5314
3818
6823
8072
9340
8531
7602
5512
4636
7859
4135
6807
4787
404
3316
1442
4863
5571
1494
5555
8448
2625
2896
8862
8963
7033
2663
2733
7107
8179
4321
740
6028
4451
6987
8443
6622
509
2781
9422
7614
3294
8039
3312
4594
5893
3215
7299
8163
4483
6103
3900
5752
690
8114
732
9814
7051
1421
8807
6330
7165
8640
6613
3297
1057
2913
2716
8383
6762
1443
6394
7164
7686
4772
4542
1870
1033
3543
5996
5945
7594
6380
4218
5818
9763
8195
121
5947
5029
4843
3395
9909
2457
3924
4747
4663
8279
3751
4340
3600
2876
4241
2417
87
8375
7608
1702
6805
5318
2923
6025
2245
686
2464
7152
3664
395
177
673
143
8959
1793
9835
1781
1757
2957
1346
161
7697
4093
5798
8990
2124
2378
4016
3949
5985
6903
182
2136
2471
4060
1133
7689
2708
9868
3011
4219
3131
4149
9103
3783
790
3185
3325
9068
41
8014
7997
4745
8162
2027
1950
9484
1318
2265
6235
3577
379
8006
628
8424
5652
382
1399
4516
6423
3526
5097
1164
3256
3618
3607
9020
2028
3722
5860
6189
1960
3283
7278
4453
1306
4474
8364
6775
1094
7511
1061
3653
9404
5328
8351
3424
1398
5963
5362
5723
8560
5002
2473
7153
8782
8452
1022
7734
8328
1759
2525
2801
3399
884
9566
2689
6572
5849
3533
3668
7821
5343
626
8498
2343
8523
7284
4424
1949
7518
5927
6626
4922
2739
4381
2840
9812
3813
1853
3377
2348
8976
8779
9747
3760
8471
2696
1406
4566
6458
1734
157
3336
1339
4334
5946
2702
8059
9851
2690
7378
6242
7910
1664
4512
4320
6477
7313
6054
6818
2218
5300
9580
7247
653
2587
4158
6024
184
2295
2596
5244
9042
843
4764
8268
3339
6969
7663
4427
698
7527
9434
3353
4131
2366
9199
2241
2216
1728
6726
1067
3683
8005
6209
7246
977
7009
7719
2157
5171
9198
3474
8624
9879
4004
5209
9368
6201
2894
5448
6985
7800
6407
2895
2547
5031
5601
4400
4603
1785
3672
9920
325
7048
3481
2734
6568
1751
8792
9706
3366
8869
4686
7050
1990
638
3608
2416
9077
8076
1964
7187
6809
2967
7082
2108
6464
8834
4857
6469
6110
4980
9177
6501
3613
2319
2373
3431
7185
4012
7695
3750
1296
7414
7175
3687
3849
1989
4084
4096
1943
5778
1860
6342
2313
6590
3278
8718
2326
3586
530
4801
5766
8813
7452
624
7731
2263
6348
6846
8889
7006
6277
2047
1550
6370
8472
1143
7338
4167
2342
7291
4820
5057
391
4110
5284
7233
528
9125
951
8732
4876
5768
5228
4030
269
7053
8084
4223
9833
7720
1555
1808
7794
9
5210
16
1459
8480
2247
4862
8373
7073
4945
1828
4700
5808
9857
4273
9585
3189
8341
6236
6966
4348
1787
704
5559
6873
5145
4398
6680
7656
257
824
413
6787
4832
754
1242
455
6213
8002
2765
3281
3736
1173
8522
8738
7587
4089
2647
9289
6022
5572
798
9612
1070
9522
6778
1290
2653
3619
9561
2309
5133
6269
194
8747
278
4037
95
2723
3570
6157
5975
8464
3827
9831
2107
7395
6268
5875
9575
7901
7858
1599
5242
2661
1684
9349
7842
8906
9891
4137
8913
435
8456
7481
7142
1301
1717
8660
2605
584
1979
2959
5691
9748
3733
7476
6964
4825
3284
6808
2633
7467
906
9670
392
8419
765
3804
3077
7745
3551
6880
5188
5598
4360
7348
2316
6132
5696
742
7887
6822
4445
7214
8105
797
2358
6505
8942
1487
8359
9791
8197
7277
1036
2106
6498
7787
3263
1956
9709
1175
8821
714
2878
2207
5994
2180
1881
6080
2132
6378
5467
5391
4786
8455
6604
4901
1299
1761
4550
9462
1161
5909
7600
6645
8638
2336
7322
4672
4851
4116
8361
8667
381
1676
9038
4411
2603
6144
4618
8289
1957
9267
1820
3162
2792
1045
389
2725
9751
7935
2184
9004
510
5592
7805
4028
2753
363
1135
6015
3458
7891
4963
3452
5311
8949
100
6273
1682
4528
3519
9088
3443
747
8223
4439
2839
7295
4903
6587
9044
2056
9971
9681
5570
9564
5520
3375
2973
6238
8367
3592
3387
9993
3139
1441
8739
6681
772
1910
1468
777
6537
6951
776
9924
6112
1097
1313
5043
585
8960
770
2013
4802
1080
3355
4557
1203
2411
2788
14
6210
9985
2885
7300
7398
6363
8630
2909
6891
9135
5055
5636
6314
2900
5185
8173
3022
7849
8973
4611
3363
1192
9164
4393
2015
8511
9731
6972
2425
9827
2044
6698
5458
6910
2186
4606
5533
8440
5028
8294
983
7867
9853
7738
8426
8874
9653
7514
9950
5025
8396
768
5937
2043
7308
699
9361
7900
3226
8629
9703
117
6007
193
3457
7158
9843
1747
807
7643
5744
3348
3052
6712
4236
2918
3823
6986
376
3231
9960
4755
5321
2091
286
7315
1984
3085
6357
9208
6329
8953
654
9097
2655
3351
3486
2623
2228
3794
7144
2634
6036
8470
912
3555
3359
6697
83
9454
9627
5335
9487
6450
6999
6728
956
322
4588
8089
3779
6743
5009
6675
7892
7388
677
5543
4290
8271
3649
3252
3635
1959
5402
1560
5967
5172
1228
5687
8755
8102
8318
713
6321
9918
2293
3956
1001
975
8325
3193
8408
350
9626
5645
9284
8377
8929
1213
7563
4284
474
9730
7801
7936
3015
3557
6076
5959
573
3950
7636
898
8155
2618
3916
2718
1384
7815
4875
4975
9880
7724
7463
6734
458
9316
508
1669
8752
4946
9469
6119
9196
8920
8021
5720
8274
6788
3914
1170
1879
959
9401
7039
5053
9022
3126
5519
8047
2521
6853
5059
6185
905
4114
6617
3488
9169
1926
6625
1543
981
7126
2892
4502
8708
8767
3529
4914
9961
3013
8237
5522
2393
8353
4191
8020
9505
133
5692
1987
5490
9415
6055
8800
438
5046
4043
1707
9430
3224
4893
5285
3694
7951
6919
6826
4230
1436
3290
8422
8008
6739
4958
4026
4094
4232
6475
1050
5764
4628
6245
3588
1649
5098
8648
4713
4510
2707
1980
7429
5368
8675
1353
565
351
9689
6956
8536
1052
744
6576
5416
2060
3137
8557
9925
5637
901
2751
7759
973
1817
853
7983
303
5044
1463
2578
4365
2538
7640
2992
1062
7203
4738
5401
3865
4357
5732
7744
3712
1841
3217
8468
5780
3497
5243
2062
1846
9259
5911
7280
484
4526
7113
7948
7469
4455
9388
9425
2249
5338
5247
2145
7145
6744
3625
6639
1210
9376
1294
7698
1693
6379
6695
5468
6829
1786
4737
841
8937
2402
3589
2964
370
3869
7992
9504
766
4452
8803
4015
5753
2515
933
6043
7761
9745
9483
5817
8706
9651
2399
8621
5192
7238
9264
9714
6301
3724
8227
8170
1773
2955
4784
9639
7876
6191
1337
8203
1140
8839
1517
1811
3611
9183
970
2088
4468
1159
3499
407
3374
8591
2194
6707
2850
8998
4166
3972
1861
5803
301
8400
934
1566
7570
3204
8647
5470
963
2061
4791
8891
7220
7368
5812
7099
4228
8496
8789
4036
3886
4295
4143
8945
8484
6844
2198
4759
5330
923
6312
9365
2158
4460
5607
3737
6696
3385
7294
7874
5624
8568
2993
8580
8829
3642
5041
7480
1168
3875
2400
2050
3063
5960
447
617
7055
4878
8830
852
7200
1862
2488
2508
3067
1714
7838
5793
4246
8043
5556
8156
9352
6101
4196
125
1447
1352
3420
348
4173
6533
2635
3292
926
6515
8124
2345
8864
7998
1212
1016
4442
4983
1538
9630
3881
9885
9629
3585
629
3148
1200
4669
7605
1641
1303
4554
8559
9806
7241
7465
4563
3622
7499
8814
1863
3406
3050
5325
5829
8488
345
8993
631
4949
8198
6521
9941
8232
9045
832
7715
6643
895
7289
6211
857
5232
8321
9616
1195
5327
2291
2988
5186
8711
9889
2528
9939
6755
6651
7603
6885
4354
5050
4156
9749
602
4361
5846
4652
664
5126
695
70
8504
6026
8521
7528
9818
142
6641
5160
3136
5236
6072
7621
7544
9246
7496
4828
911
3509
7930
9673
7674
2078
8696
6457
1373
8898
7574
1508
708
1849
6943
331
5197
7921
2820
6279
2703
1899
2771
6777
2148
349
6650
4555
6019
8799
4128
5729
4394
138
8824
7311
3041
5776
2458
8386
1573
7792
304
2042
6492
9624
2310
4522
2573
5109
2858
6525
7129
6136
8322
4434
5794
7912
2250
1102
8527
6288
2594
2954
1414
8643
3620
8077
1770
9432
9109
3540
5358
4172
4190
7396
7376
335
1269
9036
4551
4489
4998
9768
867
7282
2811
1108
6997
9741
1265
2268
4429
6968
5821
20
3550
4142
3349
8837
9589
4961
1044
5865
8608
4293
3049
2856
9319
574
213
8152
9220
7599
9640
3197
1570
2970
893
7869
9076
6339
4956
2675
61
6518
882
6520
4009
2652
9209
1530
9963
6198
332
3280
3239
8255
1407
9400
5504
3314
6748
6012
1624
7776
4621
5769
1775
9543
8611
4144
4544
3576
1300
944
7803
4793
9590
9570
7115
7433
7756
6203
1807
7386
9726
3902
5831
785
5503
4629
6552
3516
7953
6854
4262
1650
4213
2609
4811
9662
5476
6800
2933
4375
7942
6772
6664
8977
3089
5905
1729
2861
7576
8777
9596
5999
8320
9407
6162
8241
5900
9438
2317
2916
265
2606
353
2070
7318
4971
9337
3412
7170
6471
9283
1658
6560
5613
1000
5698
8931
1359
6752
6232
2204
4695
2430
2808
9975
1066
4296
1511
2646
7183
8091
9197
4151
6078
1025
5879
1502
8700
4743
4993
6957
4962
3304
8034
920
8459
9391
5606
6516
476
8397
7530
300
1961
6204
4987
3684
9128
3930
854
8423
1784
6869
2960
7924
6886
9139
2813
1160
896
5708
3319
8081
4806
7340
5795
5830
103
6470
7422
8112
1117
4667
8477
5287
4833
6756
6234
8717
9449
7952
7161
7739
3287
3066
1512
2969
3407
320
5246
2986
1246
7844
731
3811
1698
5929
7236
9478
2640
8530
7430
839
1749
437
6414
6960
6483
8618
2693
847
815
8924
2140
8058
6230
8285
2041
8049
3074
7679
6868
7389
1418
4885
8859
3428
2501
8775
3032
5622
6541
3300
7929
4972
6757
3410
1209
398
8759
260
9288
2386
7914
6137
6272
9949
4425
7758
4174
316
2905
3739
2706
1330
650
7205
6262
1256
3293
3888
5258
985
5120
1947
5187
6251
2426
19
4556
3725
6252
5970
6912
9953
4916
6397
409
3426
9012
4569
2200
2474
9558
2135
8983
4664
6683
5847
4804
6098
3107
2747
6255
3320
9293
7923
9178
3171
1780
9817
8401
506
1912
6689
1760
751
2695
9067
7986
7216
1914
2306
1127
8533
3970
5576
1559
991
1639
9866
3145
6978
1419
1724
6738
23
7271
9321
8475
6207
1617
5164
2577
6385
4989
8946
523
2686
5716
3104
1276
8680
386
4475
566
6345
1685
7578
9347
367
9029
6437
1479
3069
3158
5638
4766
7457
7757
4671
3272
6444
4082
3637
2758
8714
2586
1916
1320
2159
3763
8421
6383
3696
5727
5118
8193
9618
3296
6556
1986
655
7133
1591
5377
7539
429
8918
1607
189
9902
5288
3870
904
4318
4071
3629
8126
7699
611
1385
8589
6567
3196
1513
6851
8238
1894
8233
4206
8866
582
4233
8652
6832
8520
4341
1408
9426
7475
7716
6243
7994
2414
9021
1218
2396
605
7305
3454
7595
8249
5972
3563
2193
6113
4342
1562
7290
7325
1937
2671
292
1179
8599
4165
2574
941
3720
3748
2221
4478
5771
9482
5125
2548
1095
2209
5122
8989
3534
7021
2397
9790
2990
7141
4974
3894
6180
4553
4696
9513
25
9241
9785
1906
8391
7522
8671
2800
902
5154
8516
2568
8335
6652
1329
4065
5121
3384
4356
4103
2935
567
3119
3738
2760
1452
5375
7846
7140
8909
4988
1730
373
1328
705
459
9172
237
6447
9158
3547
921
8094
6240
586
5374
3665
2082
5457
8462
8780
2408
4392
3277
3793
3241
9659
2123
5870
7538
5730
8317
4583
9336
8445
6659
8003
4168
9188
485
9797
170
5791
9101
1691
2704
9796
9742
3517
6031
8659
965
2174
7310
3709
2173
4402
5219
3741
7612
8663
8612
8083
5693
1532
9803
8598
6155
7357
913
4362
220
9683
5215
738
7610
4699
4685
6550
7460
8915
6
334
7662
9069
4808
8001
4413
5301
7022
550
7582
3430
9825
2331
9908
5294
2370
504
3643
3016
2379
8308
4505
6297
9779
3833
5148
8230
7346
7780
2278
5366
1726
5775
3365
6596
21
7654
6398
3062
8615
606
800
1261
3291
4027
9448
5949
2602
5340
9928
42
7494
3610
488
9602
7677
8952
9217
7888
4498
8048
7995
8967
5105
168
7810
7077
9556
8027
3496
7207
9375
4495
2540
2036
8534
7898
6588
6629
2037
1283
378
1038
2122
1357
8492
3437
1779
5372
3134
8369
2128
6619
8948
2116
8858
8694
9804
92
8641
4751
6431
8344
4464
3917
540
5455
7685
990
1812
5441
872
9051
1155
2852
1440
4725
2719
2546
3265
9621
2442
1298
1931
6127
9611
108
387
804
3461
1598
7285
671
2657
8319
7944
7252
2497
794
8415
6502
5329
2299
9900
9847
3422
6094
6971
6161
9581
2591
4107
4537
6574
8486
2545
3198
4969
4684
5658
412
1340
7943
2915
3697
756
5101
2670
6199
2051
3829
1551
9910
9545
7352
6165
9294
2979
5525
5196
6717
1905
1648
9260
7191
2880
8863
3598
2873
2854
7509
9759
9534
5546
746
9904
487
2007
9529
7066
5040
9933
3464
4848
1789
641
8852
7221
1431
2559
6640
835
1722
2995
9219
603
7985
4589
3781
9917
2526
4947
6601
5346
8284
1481
939
15
281
5070
9324
5183
9936
8851
7982
3809
8191
1207
507
9161
9916
7297
6959
6369
5912
543
1002
280
6803
8489
5445
7486
3310
5676
2296
4529
4710
2598
2660
7785
9849
816
4581
7369
2227
6143
2163
9053
8588
4130
8883
2649
3883
7365
6611
2881
3810
7882
6934
7498
531
5834
2155
5738
1611
2722
8658
3114
2709
682
6781
8481
7768
969
640
9628
710
8167
2740
2289
1589
7489
8381
1257
1191
3183
9060
5906
6374
6205
7666
700
6183
5810
4426
3768
3759
3615
2735
9371
2582
1377
3923
6735
6933
2520
5134
5293
9463
3942
254
3977
3796
5858
1982
2531
4923
1367
8971
6084
2390
7772
8382
284
6825
1480
5816
552
5254
4607
9996
7270
7553
6843
6495
219
925
2053
827
3019
8816
1063
3105
8340
8873
4827
6979
3026
2364
6077
5774
3573
1008
1314
2699
5380
3383
1478
8118
7959
9606
311
5715
1198
6895
7596
8853
636
7542
7355
9755
9775
7404
834
203
9502
7002
5200
6837
460
7328
2188
3004
2262
1069
979
553
8332
9938
619
5699
8501
2487
4599
8411
2232
643
6147
3787
4757
7269
4637
3498
1153
7958
4109
8662
3260
5161
9296
3699
3491
5175
4982
8192
4630
7088
8842
8283
3927
9263
2297
3859
2469
6693
9805
2324
234
2238
2628
4658
1499
2035
2554
9498
3095
6531
1492
2024
3448
6877
7670
1364
6602
6188
6474
5
9882
428
8975
4935
3307
1031
817
9728
6433
5427
6750
2251
6006
7894
7941
5264
4877
8363
2404
5767
9057
1733
8875
5266
5882
261
293
9224
4024
5902
761
197
8427
5617
8819
4897
1370
9005
8327
2182
5165
1701
96
3775
7400
6930
9445
6484
5495
5481
8476
4217
8207
5166
6453
7462
6193
7500
9725
9416
8250
931
3494
1596
634
3998
9623
7703
3234
3731
6963
3003
1763
7665
5159
28
4595
7786
3205
183
7657
3840
1723
1829
3556
7180
8239
9686
9620
7782
9690
6545
4991
6359
1114
9537
8336
3232
748
7850
9458
9329
9443
8371
6223
8636
498
5664
3345
1223
9059
4675
8120
9364
1909
8751
6770
1880
6722
3181
3771
9286
2711
8494
4839
8907
497
7796
7444
2434
7854
7174
5707
8450
583
513
7857
9228
6845
3791
2996
1783
6724
3521
1342
5892
712
6881
5052
8742
5138
7172
4204
8673
34
8587
722
9399
2571
7571
1393
4847
3730
6785
8258
9521
2927
7611
6042
1013
4540
4305
6690
4986
4147
6066
8004
5144
3991
5265
2009
4889
7818
1321
4119
9499
89
1086
4756
9772
799
8045
8410
6340
6010
9308
6638
3362
4655
8841
2240
2558
8823
8376
8267
7713
4182
7399
2166
5654
6283
9986
9696
739
6543
222
8142
8358
657
3317
9019
3258
7482
5410
7250
2086
4225
6706
6346
8902
1838
5964
2499
5189
9360
4285
2125
2446
2349
6133
8746
1709
9206
9226
1772
8620
1946
4955
6068
5822
536
9429
2384
2454
2089
4271
1428
174
7228
8888
5969
1703
2805
7634
7010
8384
4379
8912
8485
4481
692
6916
7366
7816
3124
2149
7749
646
8579
4229
8753
9568
3382
2409
856
1534
5341
8181
8143
9526
9667
4953
4886
233
2162
436
3094
4999
2301
9750
6747
3548
4648
4854
8571
160
1082
5837
796
6618
7474
6271
7946
1477
5620
8826
8896
1721
2318
3785
5605
6540
5207
9254
2059
6855
3209
5746
9702
1491
5965
6175
8113
7590
433
5241
1547
1645
7458
3716
6569
50
9306
3103
7065
7957
3346
547
8164
3887
6835
6365
6184
4918
2111
9821
8154
4525
6116
8880
9718
475
4136
8760
8563
8409
3915
538
8860
4056
5193
4189
5827
1378
9081
4844
7046
949
5119
1836
3954
8503
1244
1688
6816
8337
4578
6774
4895
3112
1819
9523
2392
4836
4134
4462
5013
8719
4085
2662
571
7406
6107
2486
7880
406
3177
3086
522
2557
4201
2666
6624
5951
3702
7169
9845
2480
3150
393
8695
5347
4366
3323
3636
8433
8964
5299
7439
8025
7255
9861
9342
3936
9008
9108
9030
2821
4608
7288
140
7070
2942
1967
8801
9906
4831
8721
2258
8040
7890
6476
717
8631
589
1948
5888
8585
1597
3007
5772
994
2639
9378
7405
7124
3273
7981
1081
886
2395
431
7215
4881
5373
365
6995
5305
3657
5278
4582
5833
8911
4456
7415
3246
1109
7105
224
4325
1394
9322
8100
1251
7961
2063
490
4907
346
8234
1188
1746
7682
3690
8672
3747
2280
7117
8184
7262
4562
4711
8664
4944
3685
4197
8957
7853
7551
7197
6215
9262
1913
9273
2359
3152
2413
3453
5868
9357
9994
8766
4625
5279
2427
4476
5353
1973
6114
4915
4100
9540
3993
8116
1941
271
6632
8955
4288
3726
4596
532
7479
7356
9927
5201
426
3832
5940
2629
6905
9470
3113
4042
3513
4088
9062
4256
4376
8028
2613
7737
1582
5521
8546
6140
491
7106
715
5282
6182
5621
876
9201
9573
568
6289
5701
4693
8904
328
8134
2575
9223
7167
3523
8871
1661
7251
8736
4045
8828
4083
621
9597
2307
4419
8577
1518
6513
2669
3985
5527
3937
1719
9372
6737
2327
3934
900
512
8607
978
3549
993
9989
1778
928
6017
7034
202
8729
6002
9165
1180
9213
4954
7753
8684
7453
9905
2810
7446
7434
936
8282
7584
3831
5591
3761
8512
1426
6341
4438
4038
622
8265
6124
9176
2475
5901
2599
2287
2219
8731
6033
6580
7304
8626
4890
5221
8550
6123
8035
258
593
9872
961
658
2831
319
8024
1696
1250
8743
1642
6627
1465
3328
7700
6585
2224
5991
2899
3878
77
1288
2048
3862
9656
1758
4409
7589
7432
5928
5851
8927
4530
9061
6402
4600
2656
4865
5673
9411
3472
7903
3581
4860
7862
5103
1981
2236
9447
7645
62
242
3704
5421
7680
8555
609
2581
1324
7306
8713
241
2561
4920
6616
6164
4917
4386
354
2891
2018
7919
9633
775
6325
9595
5407
3732
684
2126
4868
7667
2433
236
9093
5826
5385
9272
6670
877
7922
6759
2489
3921
9860
7532
4532
8661
9636
1420
75
3667
1101
4794
3146
5563
4601
6751
6898
8922
1616
8444
8558
5523
6176
1040
7701
3967
3958
5786
6769
577
3030
8208
3774
9276
972
9907
3255
1488
5755
2363
4524
3965
132
5277
3603
8725
5997
4034
5646
5854
8810
8199
642
2997
5106
8796
6918
2195
5168
2888
6974
9842
9744
9792
3884
780
9807
4053
481
526
9826
916
3370
8339
1743
1348
3825
8483
9393
4770
1608
4702
8749
3997
3332
2983
1249
2958
7781
5355
9591
3123
1889
6311
8310
720
9301
5597
1678
1020
295
6126
2795
5509
1154
5604
8910
1572
4527
2187
851
6259
4186
452
8161
4410
7783
2863
2872
8639
2083
8288
3360
9222
8505
4277
6395
5625
5181
7622
1557
5014
9774
7321
1021
9834
4734
7483
1951
3398
7647
3303
4117
3595
1834
3056
5722
6181
5167
7980
6884
7718
2818
1997
5518
4523
6129
7750
3770
5394
2103
4790
1765
8247
1713
1867
2677
7875
464
2851
5022
1535
401
9557
9377
1336
2972
6060
8897
3953
8216
394
8930
9146
2729
5635
4565
2131
9935
9668
5887
4420
5132
4057
7572
4792
7883
7678
8750
1739
3302
8085
3978
808
2511
1028
719
6366
6815
309
2749
9418
5356
3051
2542
7945
3417
8365
8000
6493
5231
8437
4378
7664
9413
1971
5072
3257
8366
6372
1798
7327
9752
3654
1580
7976
2787
2387
2496
8177
3059
3248
7550
3778
6145
1605
6766
5612
4154
725
4573
9863
7723
1284
4731
2419
3826
135
6653
9995
7184
4676
4073
8687
4171
9870
2589
929
4614
5352
4448
134
6253
9743
8405
7606
7076
4826
3201
5071
2532
2844
4333
9149
1273
5958
3157
701
4503
6872
5333
3814
6488
5954
2785
4507
8129
3433
9157
6037
6794
9992
4492
1507
2031
6510
733
5386
2822
5667
9066
5939
9634
1552
6154
4373
1266
759
5224
6362
9959
8219
5024
57
645
4251
7559
9899
5257
8764
4466
6058
2365
8229
5719
8075
5414
1908
2308
7383
1454
4
352
6349
2321
9593
12
4399
4105
2079
8467
9252
2584
6798
4129
8962
3160
8561
2947
9876
4539
1006
7202
5256
9023
8574
2815
2507
2254
5220
778
4188
3938
3264
7632
5583
9665
2266
9091
3462
8769
7620
3389
9607
917
6991
3512
2555
1201
3436
7487
5651
569
4942
421
6085
4714
5633
7095
8724
1902
2868
791
7447
4612
6506
7445
6907
5153
3756
294
6858
7363
2094
3097
6361
7372
6746
446
2110
8997
1208
4981
5486
878
1823
1263
173
9713
1473
9810
8138
8985
5270
8286
795
9746
1231
2455
3992
2620
693
175
604
4184
4108
6801
5007
1327
3188
259
3195
7790
3236
5686
7428
9584
7409
8832
3460
2962
4304
1837
5094
4372
7100
4754
767
3135
5011
7766
6016
6509
4048
6692
9398
3266
9883
610
825
1942
6745
6668
9078
1205
1096
546
947
4368
3127
1604
3691
1181
3060
6517
1410
7360
104
6351
3986
3180
2697
9848
675
6293
3164
8482
8441
5547
5814
3673
2644
1343
7954
5648
3178
6173
6981
493
6391
6674
5855
4597
4708
9712
3503
2206
9565
1776
4902
9477
2034
6079
466
1586
35
6384
2783
1712
9018
6685
7966
123
2217
5000
2244
2040
321
3789
8765
2098
7377
44
5030
6087
3111
2569
3995
388
7552
5681
3442
8060
6546
6468
4059
1489
3612
9427
7579
45
2921
3459
8548
5634
9002
5884
7897
415
1626
6106
2778
6158
5918
948
7028
4266
5553
7125
1671
8994
9705
1076
9225
6045
3329
2333
702
6332
8785
3167
339
4632
789
8453
3313
6093
2802
6507
9235
8080
1243
4558
4242
122
2491
7717
7885
9646
9137
7441
2484
9954
2176
7613
8466
239
246
8465
1745
9456
8699
270
8013
7843
7394
3531
8226
4457
6149
88
2346
6115
6371
7775
8280
6714
2008
7064
8442
2626
4199
5151
1839
1151
7868
662
734
7797
6250
3106
6524
8133
5731
9424
6833
9052
5545
2181
9598
6522
9414
1600
91
2593
3734
7229
9464
9155
8950
5091
4443
9679
952
4047
5015
7972
4493
5162
6257
6083
5710
3962
8041
5320
3324
6932
1677
5222
989
580
4799
6526
3001
4351
8757
4329
1037
2576
6598
9601
8031
1287
7502
5529
7380
3194
1755
5429
7258
5286
8793
5663
1280
5442
22
6592
5718
5061
2445
4579
3218
2713
5263
8071
6780
4662
5390
3372
5548
2551
4337
4090
2237
2710
3792
4298
8224
2328
5212
7626
7711
2746
3350
8972
7855
5825
1922
9787
4254
369
2151
5182
9312
2283
3663
7625
7556
3279
9981
6850
1859
7391
9461
8802
4622
2382
5615
2768
7878
318
2922
4170
8413
9740
4345
8436
8678
8517
3061
5756
9311
5961
364
6988
340
1636
9300
317
2502
7754
648
9789
5724
8063
8932
5331
1498
8244
2564
6266
7591
8016
8513
6092
2282
4339
953
8622
2213
4355
1495
6649
4112
9715
7813
3646
6429
9120
9379
7307
4936
4422
4656
2683
1683
2298
5412
6194
1966
632
7913
9707
65
6742
8395
7037
4796
8099
5568
6353
2617
3116
5488
5530
4049
9047
9320
479
4315
9674
954
7135
2672
6887
2806
2410
8770
1121
4021
6274
418
5026
1610
833
5845
2255
9685
4252
1565
7097
5334
9287
3681
3108
2055
3807
4580
1934
8707
1003
2161
9233
8029
5482
907
55
3926
2961
3819
2143
2828
5063
6925
4169
9190
465
8458
5859
3138
5205
5610
4371
6290
1872
4244
299
5433
2843
7991
6827
8936
7408
1623
81
6710
5631
6142
5581
1011
201
1286
3470
9693
4939
9326
2290
18
7060
3545
8666
4678
971
6990
8449
444
7362
3828
9516
5896
8182
1788
7779
6961
3057
3670
5630
3717
9210
8933
4627
2519
6727
8544
6512
6673
3200
6795
250
2799
5788
9520
1202
5037
2279
3746
9695
9765
2984
9553
2743
156
7742
1252
4283
2884
2472
1186
9727
4552
9179
3373
7354
6821
2372
7071
7339
5019
697
7160
3028
9877
5203
7848
8820
5670
1221
6111
6842
4177
2075
9079
7001
8303
9666
9654
6678
4349
8213
8399
7068
8
6704
2932
588
855
9080
6125
2691
4816
6994
1844
4763
4374
4486
5650
3959
9756
6871
9202
2980
7784
5594
307
2827
5313
2838
2849
4440
3872
7361
2073
4487
3144
482
1270
3489
40
2748
9043
2271
1887
6944
7132
8218
2314
8385
1845
124
8451
4226
7660
4432
820
9214
7379
5697
4598
8119
3714
5012
7687
5336
7512
3651
6973
8290
8551
3083
8087
2562
9423
7820
3968
6135
4193
5733
1865
1583
3541
1029
2019
3574
8986
5099
8357
37
2252
8009
5397
6247
266
5382
2016
2170
3530
8141
1412
5466
8524
9915
2109
7598
2579
2819
9007
2898
9767
7257
4118
2277
3755
4943
6160
4377
9734
4817
7168
3655
8790
7364
670
6487
2782
3165
4899
80
6764
9144
3143
9160
7281
7641
6763
3330
9603
2890
2267
1051
5365
1139
9864
8160
7586
8797
4887
3606
3047
9798
7973
3679
8861
1131
1323
2322
3282
1278
6983
3919
6936
4689
7312
5383
7889
8590
8510
4013
6558
7709
6606
5396
8463
2837
8487
4615
9281
4746
9173
4011
1
1215
6435
2376
6186
1397
1122
9524
988
7102
9082
924
7747
5577
4809
4815
7826
6392
2485
1886
1322
7830
723
7450
3662
8017
9115
4122
7449
4645
6338
6902
6566
2052
3005
53
2353
4511
5146
5806
6909
9942
9582
4032
3552
2989
6942
9387
149
7042
225
8428
7013
5045
2804
6254
4046
9240
6307
6920
6020
7488
6581
9926
8210
8205
3039
2071
9015
1796
344
9237
9773
6052
2793
5745
7831
7358
1501
9528
1088
6642
1575
159
1814
7615
1113
1484
8947
1424
5542
3078
3745
5641
4018
2556
6676
3897
5409
4079
2930
9335
79
4208
2152
2030
5956
7534
6547
7676
9991
8460
2728
7128
17
3333
6320
1331
3616
5163
6810
946
2834
7950
4849
3680
4521
5566
6561
8709
2117
5665
6063
3596
5444
1110
1602
9479
8996
9784
2005
4812
478
8121
5983
130
9230
9930
32
7119
9257
6261
2144
5683
4447
227
4968
1692
8374
5143
2826
3444
4803
7548
2355
5713
6633
4960
1936
2777
1615
8741
8604
2401
7866
5588
6870
7455
9946
5439
7588
8057
6425
7274
7323
809
5422
1005
9874
623
6655
9363
1953
4243
9951
8315
5883
7793
400
5820
6922
9107
5245
3487
9535
7811
397
1449
8730
4574
562
9096
8543
8674
5747
7016
1236
2274
2169
3318
6328
3806
5239
1014
9145
4250
3621
1064
9940
3125
9697
3957
185
1519
1087
595
1792
6375
4500
3593
6309
2199
6109
6740
5290
608
4724
9119
9133
6248
2835
2142
1831
7343
2544
9134
3889
4319
4332
3367
4095
6220
4919
2312
7965
7061
5915
7523
683
7806
6677
3230
6758
5511
9098
128
1999
3207
8991
457
3321
688
5841
9271
8778
689
6578
4590
7947
8092
3361
176
8685
7856
9168
6813
4309
822
3502
8597
8882
1924
846
8965
251
2064
3322
1439
9676
9166
5992
4415
813
519
375
1453
6992
9514
7411
9497
4194
1803
6241
5047
8276
7292
2139
6636
4141
4928
26
8254
4586
5233
3932
8011
7562
333
3479
4509
788
4297
2432
726
2673
6014
6009
1012
8702
5054
1379
782
2482
6337
82
2257
5840
3721
1571
8243
1883
8261
4289
7332
5404
8131
3728
7852
8146
8190
5085
1387
6171
3244
3274
9476
7309
7424
3854
7690
2115
2226
7078
7777
2504
5712
6034
1084
7845
3035
8704
5934
2389
524
9063
5127
6630
3901
2102
5711
2966
2597
7809
408
9437
5838
6532
8565
