865
4119
881
6867
5205
1962
6528
7438
2272
2309
4416
8599
9238
19
8833
7008
9101
9204
2142
9024
3331
7560
4446
6744
2726
6492
1222
2147
5831
724
2852
9232
3765
1262
936
4174
7237
4721
9934
2141
9998
2805
4565
6793
3036
6242
27
6064
1010
4706
1938
1547
8864
5902
28
3456
8430
6937
5226
7538
2447
6134
9358
468
6591
587
3173
4192
3295
9678
6271
8801
6741
3011
6262
85
5408
2955
985
6509
4533
1900
3733
9021
5637
3489
5424
7564
2052
1373
5247
6992
4830
1633
5715
9761
6224
8328
607
6794
5108
7427
5833
827
4450
2908
7302
2713
2201
398
3368
7685
6798
5294
4169
5308
2521
7086
8719
7178
3499
944
6172
3058
6488
1198
1945
7644
7416
4432
7170
6410
9167
9331
1545
3830
3212
3691
9610
1150
531
2248
1152
2033
3834
9090
3930
5616
4957
2202
8084
592
3714
6114
9862
6567
4910
2759
4724
8245
6667
3097
5379
4878
2777
9142
3716
2779
4017
8834
9589
4751
6785
7484
795
3908
7014
4943
3570
2958
6907
4650
7647
690
3397
948
8306
9829
6303
8749
9359
6351
7876
4915
7061
6699
8204
4020
4340
3388
5635
3377
5409
3192
6370
9727
4044
8297
5095
1720
6490
9520
9071
5347
8994
983
2301
4962
2732
636
2217
3850
6373
6983
9853
7754
1583
7069
8252
1565
585
9160
3605
8408
2952
3566
4404
3359
3761
4849
6568
7692
9891
5566
9741
8535
2436
6968
6045
4368
1276
1893
705
8112
495
7117
1067
7442
3107
1011
7233
9196
3593
8470
1034
6634
3945
7633
8736
8493
1507
3852
8546
5709
8264
289
3141
4961
7536
7526
4217
2310
6638
6270
3819
6269
6288
6501
5502
851
1182
5168
9802
3853
2889
1819
3540
2663
1499
4157
801
6179
7179
9820
7364
520
3072
4555
277
8207
8486
3629
2716
1535
8480
5384
9133
4492
5642
9620
9767
8495
3981
2341
4331
9587
2653
718
7385
8485
2869
4280
9244
2074
2931
4786
7814
1158
5107
502
4402
1675
9336
9354
7770
5664
1759
1136
9146
7853
7298
8260
6261
2790
5864
2695
4972
3904
8058
8023
6170
6996
2650
3764
1621
4520
9495
3707
9681
6958
8673
3299
8122
3407
6521
6422
9640
7979
9962
4256
7251
6753
1618
4754
3315
2211
371
2443
4530
9976
6227
2649
874
3598
2002
6223
4216
943
3643
9632
1195
9020
4629
1146
3255
6102
3924
9154
7877
7309
1142
2012
3231
1018
4919
4963
2080
9381
3544
3810
4036
3465
9067
7615
5401
9816
5083
9255
4359
1894
8005
7994
9746
6994
5630
8635
2303
6233
8367
4161
4557
5791
7349
8528
4239
2429
2143
7528
7040
9585
4019
173
6723
1786
5673
5871
5838
7305
6646
5203
5037
4837
8983
2665
9709
2953
3528
6677
8379
6284
5327
283
9512
7080
5887
6873
9211
1099
4371
259
2903
1860
3942
7227
4067
3701
704
1128
7531
6662
8359
3381
1815
5172
1462
5611
9123
4731
7966
5358
2446
4858
2976
3799
6761
1432
612
1455
7454
5792
8282
2660
2717
7312
5820
4242
3608
8443
6189
1003
7572
6229
2568
3610
7138
8232
11
4290
9400
3574
3618
5528
1313
1605
3348
7329
7125
2280
438
9713
7729
4824
8798
748
4131
4195
3561
2336
1721
4467
9254
2038
9443
6991
368
8200
2632
7406
339
2657
7468
3142
6648
6848
4264
7020
7656
8662
9328
8595
5046
802
7717
2281
4054
1202
3651
1342
9003
5513
8272
6566
9032
1137
381
5854
7720
527
6491
7697
3156
3938
6461
6514
7414
7780
3055
9053
449
404
8066
9696
1058
1369
7696
4852
715
9362
8051
9795
952
3530
45
7762
1295
7278
2574
4150
6300
9407
8134
6745
4739
4518
7796
5860
4261
9094
3400
8401
3519
6531
7793
912
4374
4022
5714
9884
4750
3785
1748
5250
7432
3587
2537
1062
7059
5991
5609
869
2947
1485
496
5462
3769
126
9627
8085
3868
8467
3595
1205
6872
3467
9096
693
4063
1984
9369
5612
7266
761
462
7378
6080
8543
805
8939
2794
762
5950
120
6595
8863
8773
1396
3182
6311
301
2415
9602
3184
3867
2329
7407
9822
8479
2167
2125
9646
7107
8914
5280
7482
947
5596
727
4888
5912
3727
5521
1780
6687
5928
5588
4752
8628
9730
9106
7912
8882
2542
7702
4419
6313
642
1330
2565
6922
9314
4779
1211
891
3180
4569
7847
6063
605
6004
9342
2541
1576
3225
6629
8580
776
7664
3376
8934
2996
4061
8166
4163
6019
7514
5248
1557
2406
6676
2841
2203
3901
9776
1486
8457
5118
5968
7924
158
3622
5328
2664
925
238
843
1595
9035
3753
6360
2392
8405
7854
8734
8182
1086
857
3493
2940
352
1230
318
1757
6152
2517
1775
8935
1794
7620
1628
6214
7731
9657
110
1354
1672
1071
992
6732
1281
9714
306
5202
9159
5385
8231
969
7267
4308
5932
4287
3747
7111
6094
9888
6538
5082
8603
181
9880
3551
7602
9579
6636
3068
2818
8392
8598
7426
1172
6547
8096
2501
9208
8494
9886
224
5825
2943
6675
6428
6795
3196
2803
8700
1513
7655
9994
1213
8456
2115
1245
8696
9827
9318
5318
9333
8496
9658
8671
6302
1981
6670
3244
8229
6544
4788
8293
5160
2440
6486
5167
7711
5607
4396
5853
7901
6716
8217
6641
817
7636
3979
1027
6714
4903
9609
4924
2527
7293
6386
8906
1381
3351
5691
9828
4226
5022
562
5231
7693
7064
1402
3148
9252
1988
8933
9327
938
9454
2036
5071
6952
3620
1966
8733
5003
1604
5778
7232
9347
2308
6241
7245
9800
5252
8929
1368
3784
6780
8547
8416
5915
954
961
9503
9900
9930
3273
4104
7542
9036
9575
91
3988
5164
9927
6246
3796
3380
1596
1258
1218
9011
8979
900
4225
8355
4853
7789
6205
3471
2609
9704
9905
565
401
9402
1052
7044
8582
3722
5834
4930
8980
9824
2010
6896
9475
6005
4895
9126
4102
6990
2261
9743
9203
7431
995
3741
973
3790
7687
8276
6939
9812
4947
5204
6278
4775
3415
9521
809
412
5713
297
3524
2088
4497
4515
4233
4449
2327
3597
765
2004
8056
2906
6997
2751
1364
1834
1733
7379
1661
4199
3149
9654
3324
5207
4611
9418
170
4793
4168
751
9268
8828
380
320
7415
1781
7689
4246
7102
2249
8278
770
3259
2306
6618
5117
2561
4072
2183
6468
5445
8621
4658
6784
668
9674
3303
8463
6929
124
7606
7509
4854
8722
7694
9150
3246
9414
2614
3254
3558
1235
1841
2253
6308
4749
6016
1812
2077
8309
6068
639
2040
2549
7140
7988
6221
8633
4259
3250
1929
9725
21
9858
2243
9233
5804
5152
7504
253
8308
7269
2533
8750
4662
2859
3278
4405
2747
5793
2725
1689
4682
1510
6865
1839
4559
3518
424
5189
4314
5584
4582
4702
8760
9417
581
9513
1906
8164
893
1693
8663
1612
5213
9337
1602
8004
8431
9075
330
5858
8648
5429
2530
7491
9284
1653
8077
3514
9914
896
329
4011
407
8180
1560
4112
6822
6100
7769
396
3284
9568
5672
1106
7333
2667
5589
2780
7148
403
4292
2776
960
5296
4309
5690
6361
2696
2328
5459
5109
3580
759
2913
5758
9598
3884
9912
5356
1206
1054
1509
1635
2105
3039
9988
1734
5870
9973
59
1060
9780
9666
9109
5723
2842
2128
752
8637
6378
6023
1257
8642
4282
3706
1814
384
3319
9986
2238
5307
6809
4777
4288
7036
8955
4300
628
8849
313
8853
2450
5153
862
3929
6274
8855
8990
988
7271
8688
3742
4439
8785
8966
7875
1530
6656
1283
3385
3591
9431
7785
216
8378
4206
4101
8136
6439
7941
6324
7698
2171
2375
6442
3167
649
9818
5519
5014
3787
2373
6513
9595
1508
9525
9115
6291
3575
2971
5338
823
9127
789
6756
8987
6866
5222
1673
9639
8034
5020
1129
7530
5665
8147
7732
9166
3849
9663
3473
6854
3238
8168
3816
215
9231
7562
3186
266
5869
2225
2882
2081
6135
1001
1417
5781
8912
7254
2965
3329
2089
3921
7025
903
5390
5643
6697
4328
6539
314
9353
7381
685
548
5909
9406
9532
8881
2891
1497
8897
255
5337
8227
2059
2195
8193
9182
8976
9105
8236
549
8786
2230
9866
6989
4801
68
8327
5688
7624
6942
8817
4734
8899
8876
4656
5092
6941
566
4170
833
9601
4372
6796
316
1080
7984
2407
4456
3188
6520
5274
8910
8879
1823
6475
863
555
3614
2096
2601
3067
109
8454
4167
6604
3152
4765
5208
4319
2218
3569
9570
8919
9668
3891
9737
4111
9373
6623
4959
8010
4339
9660
2239
5769
241
4511
8237
3305
2712
3352
6647
7417
9672
2185
2991
2647
9371
9498
3972
2037
719
5633
4227
6327
730
3229
5000
5388
4055
9007
1219
3021
1700
6173
6815
4897
7816
7987
4273
2412
3756
9567
7343
7642
4711
2904
7782
2698
897
4691
8091
6572
6210
7955
7150
1551
510
423
347
9735
6537
8975
3688
5686
274
5980
7250
9187
4463
8869
8940
9329
9352
5574
7474
3334
4960
1145
544
6738
1995
2111
4978
7051
7512
1884
9470
1456
5019
1293
5256
2909
8540
2986
8517
1346
3113
6042
3897
1712
4883
4307
5159
4414
537
8967
9724
6096
7558
6011
9395
6006
9257
771
3878
323
7108
4495
8364
2918
1996
3504
7018
7337
3684
3560
680
4392
9346
9732
9781
2423
9042
5929
176
6582
2016
4198
1323
9890
4560
6984
5404
4127
7590
3330
9351
6757
485
2984
9365
1553
517
8824
1716
4145
2060
6664
3162
6928
8962
365
5490
1874
5918
6603
3216
9942
9814
1304
8925
6482
2210
879
5632
1758
9680
4797
5344
9987
2126
7677
453
3601
2765
577
2486
159
7459
2723
6653
6724
5796
7336
5054
5166
150
342
3954
8167
2134
1622
3961
1185
8835
461
4589
8292
9686
2556
433
6525
6143
6827
6297
3057
1825
8569
3563
3410
5064
1047
3124
1476
1987
9164
2766
1457
1862
5369
6645
1075
1420
9774
3414
231
5135
7315
9304
4322
7391
747
5406
7858
5291
3915
108
7168
4079
2985
69
4175
4317
1939
631
7477
3034
1657
2181
7672
5442
2613
2634
1325
4457
2024
4805
9817
2862
1404
2699
2480
4933
7164
6010
1012
1979
6309
9917
1664
2351
5486
9752
7409
1048
8285
2053
9303
1824
4254
3526
3656
3449
828
4667
737
8209
6586
3914
6219
9920
4730
4443
8571
1615
6128
3214
6523
7363
956
7559
5010
7081
3980
6511
7918
2001
7949
9269
1416
588
7334
6691
5258
5215
3990
2701
1636
2273
5798
5580
156
2416
8007
841
1617
1045
7158
5814
672
1228
9772
2456
9606
3880
1431
187
5979
3336
319
38
2477
7084
8214
1813
2669
6529
6911
3702
1039
845
1324
3019
4071
463
7828
7193
493
7112
2095
1101
5862
1756
265
8307
177
3959
2876
2168
3075
6289
7929
8622
9728
8437
5277
9628
8926
3033
1108
7133
3812
8393
1193
1826
4447
2324
4906
7182
2216
538
8184
978
9018
7071
3491
2334
7016
9863
8411
4814
8490
6206
3470
5471
6084
3527
1424
873
8731
9039
1090
5498
4297
6954
5572
3283
4428
3926
2454
2107
7534
3653
486
9217
2476
8155
2518
8796
4408
9543
5953
31
4142
8974
6082
2988
122
4668
2868
4399
8301
419
7413
9897
1782
812
840
2269
3028
6440
3882
6290
5255
2860
1426
2693
673
6507
6471
2290
9889
5119
7022
8813
4586
576
9206
6448
237
6125
5711
2509
2789
6768
1088
75
3117
5267
1990
6451
3379
5073
2682
3468
4535
8570
7461
3353
3501
7960
8311
9388
3667
1191
5483
2379
9048
3134
5721
456
5779
1366
6951
4066
4556
1360
2702
5976
3448
1162
4434
4050
5843
9248
4123
9423
2755
5251
8551
6251
5018
3925
754
528
1516
6700
3502
4506
2285
36
7346
661
9378
731
2421
5591
8771
5560
6979
9474
9509
9409
1504
8748
6692
7726
1584
9984
5072
4386
2066
1379
6025
1372
1501
9451
4341
9077
8530
98
9392
1644
3513
9137
2761
3919
6253
4096
7398
3056
8160
2503
8624
5813
711
9947
6707
4345
815
932
4349
5021
7190
5545
3689
8064
9152
8927
4128
2356
4503
4385
5229
950
9823
3836
2294
3503
2252
2014
5544
7295
5579
7939
5753
9611
4831
3084
6156
3046
3189
7975
1458
3252
4625
5110
9410
358
6414
9807
3661
9293
6550
127
2864
4727
519
7078
3680
9982
4745
8997
1591
5958
974
9430
6008
5817
9429
7897
5526
7806
3105
3612
9695
7310
2946
2888
7383
6703
8366
5345
1968
6326
1904
5211
2878
9683
8707
8139
3719
6836
6715
2444
8845
9169
8792
3237
8305
348
1505
4714
4464
2579
5585
9603
1302
3364
1960
6828
3903
4618
1081
9093
3195
6190
5558
4528
212
4767
4785
5751
4973
5283
9892
7629
5617
287
7760
3965
736
8720
1714
6013
1134
1943
4807
5669
3337
5163
8033
141
8684
713
8761
4057
1777
4717
7046
9676
2681
895
5287
8089
7839
4742
6359
4045
9749
2388
3236
7604
2289
9305
5275
9056
5499
194
7676
6608
1024
9708
2231
6140
4748
5801
5537
1670
5940
8243
8159
9461
1915
2671
9594
6377
7597
4719
1256
541
4093
6661
2886
4429
8210
7392
9997
7274
583
5008
5639
6389
9374
3791
5725
922
4966
8532
4114
9590
9779
2357
1437
9446
2872
2287
4942
2006
6353
8611
1029
5228
1130
1433
3624
4564
9237
4496
4861
4046
1957
589
708
3335
4316
2625
2342
9205
2087
1248
8478
3637
568
4864
4068
8313
1683
9357
658
9427
821
1157
5080
4826
3788
6606
7738
1659
5024
8905
6285
8505
4951
2278
778
5898
7500
8605
3815
2746
7373
5896
9111
3128
791
9375
2529
4423
4577
436
6409
3294
2076
6649
7199
4811
1967
86
2295
1697
1772
8049
2389
7996
6067
7033
2268
5615
3773
6164
4893
2072
1275
3038
3240
8087
1578
1250
2919
4679
669
5598
9811
8978
3076
5517
2197
7919
8074
4249
2120
2941
3625
223
8973
5510
7508
2410
7146
2722
4466
4715
7783
976
8803
6166
692
799
7667
3751
104
4949
1076
2344
2879
7721
1523
9185
3772
8827
1544
9286
1161
5035
1725
2957
9321
5136
7166
2566
3263
3487
4081
6029
8923
7532
3609
7903
6329
4069
7640
4279
7622
2674
3205
1765
4526
2588
6086
1564
1102
9535
5464
5310
3863
5478
4122
8932
9413
7375
1463
6909
458
6144
260
3947
4922
1264
4136
9260
3604
2372
8509
4936
3159
6399
5260
227
4237
5818
6593
3801
8390
1836
5397
8699
5158
6671
6433
733
1846
3662
9468
677
9394
6506
4243
8088
4187
9705
824
3782
2170
3724
5678
8645
3983
794
2937
3175
5727
5440
7324
5998
5301
9428
6464
8706
96
7679
1203
1589
5494
652
7832
5242
6388
6730
9016
3421
5265
4107
8664
6355
7347
2362
4967
3440
7811
7945
2137
1835
2222
4172
7524
9968
6452
8915
4549
5418
564
9195
8475
7465
1951
1506
1601
513
5679
4999
4146
1419
8016
8941
4881
4201
3459
9921
8738
6811
4655
2233
4298
5846
6425
6307
1173
3187
7136
267
1461
5761
1094
9721
128
8991
8398
4363
6426
4084
5699
563
1479
5341
8563
1204
5023
6823
8534
8794
2709
9068
1610
8651
5857
9516
7277
8030
6916
546
1043
3161
7499
8865
8127
1603
490
3996
3549
4762
6813
13
7639
8386
497
4729
8818
1261
5128
9188
2348
814
5959
4502
4335
5726
4077
4153
7339
4996
7013
9533
3592
9426
6579
2944
5868
8856
8763
4693
9839
2793
4189
9393
7445
7316
2251
6438
4087
8422
7579
3874
8953
4186
9906
272
8221
1287
5302
2247
9324
4636
5225
3243
7539
5975
3709
1155
3865
8931
8073
7082
561
554
2337
5434
9694
6344
3879
8420
3356
7495
5844
3971
6412
2829
3869
6526
9465
1811
4851
5908
5360
5180
1886
7457
2962
8606
5893
3802
9600
1017
5130
3660
1335
5457
6366
7317
1460
7439
7700
991
1107
2409
3843
1320
7577
8825
4390
5391
7599
4060
1174
388
8052
9481
7556
4149
2949
9376
6950
1385
5059
5316
3247
1079
6860
5648
8537
5075
3839
8497
4683
1154
9450
820
8995
366
9576
363
2615
1579
7230
4909
9222
3631
8177
928
1755
1238
9958
2742
5485
8447
5284
1114
7443
3417
7666
4491
4710
9974
326
302
8194
1849
2313
7510
7660
7191
7574
653
1575
8553
6188
9965
7757
4571
2119
9943
296
6973
1778
464
4649
6449
2114
797
9087
5196
1057
1468
5682
7335
8903
2973
3997
1412
5321
3378
594
9100
2346
8702
3362
5780
4799
9073
4640
7603
3450
2855
3144
8989
8228
1705
8986
8891
6033
8349
385
4907
5752
9605
9564
390
3402
6774
9995
3797
3032
8044
7974
9515
3857
6616
872
8247
1599
2451
8314
3392
4802
2535
1571
7135
4524
4373
2384
9017
9103
8047
3635
4346
7002
8037
7419
3497
536
7674
3672
6044
745
5764
1521
1977
1851
8093
3832
8145
7258
1801
8458
4499
6574
8019
3725
6977
9433
8361
1954
5191
6752
918
1409
9621
7372
2332
551
7030
3191
4162
5218
4278
17
4285
5240
9063
1948
8877
9074
958
2711
671
6374
741
5051
5919
3088
2506
3737
5891
9384
790
7338
2934
3949
1301
6935
3398
7388
5936
7156
7947
5134
5481
2502
22
9343
6195
8779
6771
1414
2809
1963
210
7555
3483
6457
660
8053
679
5465
286
3682
3276
3582
6524
6090
6887
4171
9051
7670
4370
6869
1871
2103
6956
3442
4293
3862
3698
2788
2437
9531
1750
4397
3277
8334
4992
4604
3338
8776
5257
2191
8418
8759
1491
1726
8324
307
118
2896
8852
2057
8730
8506
2933
6765
8266
7221
3933
8783
9979
4130
5967
8117
506
65
9508
9825
6557
4789
6621
898
899
9247
7087
2611
1880
3445
9335
4444
4231
7824
7354
8729
491
198
5996
3641
5049
8693
7313
1312
1701
6298
6456
9671
8840
4712
4866
5916
703
9748
7219
3344
8762
2628
2180
9116
9760
836
4356
3104
2959
6508
7554
1868
6658
263
9925
4501
2405
6934
8263
5997
1434
9432
616
2917
218
8388
6894
9916
8224
6014
4783
236
3676
7989
4442
7265
30
2198
4221
5914
4810
1608
6259
1358
9821
942
3220
919
9361
6314
1820
1472
5881
7412
2786
1116
2049
9956
7567
2892
3051
9490
7441
8922
411
1878
1792
4410
3729
1308
3826
2672
3963
8421
5707
2718
966
1188
258
6589
9367
575
300
2378
5114
8737
8636
6108
7525
930
9158
890
9647
1032
1119
1607
4703
1084
1221
1833
7067
7175
2364
2707
8717
1746
3552
6347
1949
9215
3754
4223
5387
1829
4914
3539
2770
4740
4670
1881
4365
4465
3550
7386
50
5576
4580
8440
442
5852
3817
3861
9064
8959
504
7608
9789
1803
1944
5892
1745
1046
1246
4024
3172
5925
7705
9190
7089
7513
6748
6062
7573
9622
9771
5199
6037
1317
5005
1268
1031
9355
4548
3917
2305
9785
1704
1905
4652
4591
2564
6483
5458
4062
2286
2513
9424
2205
7225
7186
4911
9983
2771
1311
1164
1442
2720
7489
7587
7869
1122
2466
3316
8344
9981
135
6709
4268
4997
5754
3923
3571
6631
8657
4815
3241
5448
327
1934
3977
7742
8578
1430
8042
8340
2496
8900
6354
2756
3928
601
9592
8521
6627
2227
479
5839
9864
6833
8807
5105
7714
9953
3494
7487
1688
5332
2763
7843
8867
56
4078
7965
9253
1873
606
5031
1025
9939
8643
6689
4179
6921
8775
4808
102
3204
9882
2597
8060
9398
9903
5538
5249
5493
8196
5675
2123
7985
466
445
2573
8804
5841
1336
4023
7207
7462
4220
4827
2772
7976
9861
7234
9416
6576
4816
9366
1655
1124
8993
2086
3621
5745
5438
6382
3486
5934
5417
3454
6943
134
2787
2554
5787
8279
8176
1908
290
7578
8675
4885
5324
9023
662
9944
4238
9618
6215
240
8273
3674
4075
5468
107
7507
44
8531
9878
3446
4989
9908
6733
5246
6731
6696
350
5901
1110
8241
487
7921
7937
867
4862
7368
4818
3009
2401
1063
3771
4138
2635
5177
6228
1997
6444
8890
8078
3007
4139
2079
722
8001
9558
7584
3872
484
4347
4361
4094
1447
1918
1423
5671
1220
1854
5185
9104
3578
1376
8332
481
6294
5971
7998
8901
2677
9511
3740
3846
454
7357
6830
4768
989
8092
3411
2090
8610
8402
6682
4974
2999
7550
2150
6352
5533
2474
5819
6548
9629
2353
723
1072
3354
2577
5695
8459
1200
5655
9792
6465
6782
6858
8255
1512
6588
6421
7072
7395
8294
7355
7822
4892
3451
571
4207
4969
7618
5562
5104
3004
9801
8186
5886
8682
9815
8590
7328
9483
6280
8566
514
1395
8191
2100
7963
9577
3825
7428
8944
2470
4086
8119
5692
4074
6423
8271
6974
1392
8356
219
6168
257
926
8012
4790
1980
4412
8619
1180
3431
8612
5403
917
7703
8965
3982
9049
9120
3003
8676
9364
5729
1917
9218
806
8299
5822
9769
3024
3387
9911
1899
9846
312
7739
4330
5029
1271
6405
9528
9548
3818
5094
1913
5942
4994
9404
9499
1151
4452
2250
480
9656
2165
4839
6161
3611
476
9977
8614
6277
4761
6169
340
5491
2460
7723
6418
5960
684
6079
7121
1629
5613
6624
9798
8892
3776
3116
100
8461
9778
2259
7914
4295
9107
617
9070
9831
9386
7444
5182
8318
9131
3022
7518
1085
5543
9405
4140
234
7973
9932
8433
5441
3686
9573
9963
7772
864
4764
4676
2330
4232
558
8830
8797
3023
4120
8262
8756
6620
4469
618
2964
5001
8721
7690
7830
7691
2853
8659
2241
2885
6406
7870
4981
5334
6176
2338
2196
4948
2769
4272
8415
7255
3533
5735
982
3881
3683
4228
6536
4327
4362
9425
2302
9171
6038
7397
5555
9850
8100
4544
7110
877
3973
2963
8526
2453
8424
1859
3543
7774
8589
2495
7545
7120
3092
3532
5865
8871
7393
6760
7683
1998
7902
3425
9726
9929
2815
3242
556
6028
5993
5861
7523
303
1255
7797
5907
6458
7009
8630
4421
3435
1678
7917
6117
9852
1751
3778
9421
8575
3401
9191
1552
3433
1732
1023
374
6276
8557
1542
674
4411
2526
6607
2209
638
3626
2094
6234
4235
6186
3537
60
1127
3176
640
1706
4190
5405
5126
5124
6739
9536
3647
6847
8670
183
5004
1702
5520
3146
1842
88
6515
6726
4941
1986
5973
1035
2898
5963
4488
786
5427
3460
9644
5268
8701
8655
3640
2843
6073
4014
1738
725
5220
1768
346
4546
9530
8026
967
3179
1338
4646
8161
3599
5043
4543
9919
6639
5435
6447
6345
6317
1100
7074
6301
7259
1500
7626
349
4834
8928
8946
6886
3298
2311
3726
3060
4804
6331
3894
9243
772
4121
8545
5074
9276
2435
1959
1593
8815
8195
2020
3695
336
5487
2255
7275
9926
5732
2463
5048
8473
9062
1522
9899
3987
4338
2019
7938
9990
171
7646
1310
1910
7210
2791
850
2570
4468
4525
1646
4575
697
6069
4678
5040
1170
5460
9086
2981
2092
1729
6107
6840
469
3424
9865
167
2396
1190
975
1112
6494
1361
8079
7967
9551
6469
9989
3939
3909
2194
2993
9458
9060
5488
333
275
431
6430
5987
9556
5281
3177
6615
7648
1850
7220
9472
2491
2562
2624
8083
4995
6580
8149
3312
2411
6283
675
4918
46
5567
8090
9002
7229
9295
5425
5551
500
6153
2493
6948
7306
4500
1956
354
1163
2728
6540
1021
6762
77
6365
209
1502
7957
1940
8170
3010
3408
9957
391
8573
8875
8529
9437
2582
6851
6862
5386
4012
235
9936
6427
9703
3907
859
6535
8337
6596
6846
7857
8861
115
5221
3998
4794
2483
4512
2591
9497
2684
4845
9044
9959
5038
3228
1946
7181
987
3668
7990
4462
5399
6235
8977
2936
2144
5610
9482
1677
6075
5826
5563
335
6043
4304
225
6211
8525
6967
9200
8502
2523
1695
5012
7681
8391
230
7826
7951
994
9463
8772
4437
7248
6123
5656
9037
1121
443
3910
142
7934
2061
9052
4109
4891
8631
5550
2700
1331
5577
7896
1550
8677
5081
4324
2619
7825
9403
492
6633
9282
5900
9434
7365
2441
6673
694
5142
3814
6683
6237
5047
8441
1656
1699
4303
3074
3752
2893
6299
3515
7864
2426
6198
4209
6832
4158
7591
2837
931
3803
7424
3006
2009
4025
2607
7160
1073
3151
7101
8652
1838
2916
6266
9114
9121
2135
6252
3912
6758
5184
309
20
9380
2576
7592
2627
2676
8057
67
3932
3031
4284
9012
1041
1597
3617
6663
7116
5239
3413
3096
4504
1165
9278
2504
4998
9165
2188
8352
7208
3638
3447
5920
9838
1139
8527
835
9028
3122
6293
1297
2806
9099
1925
1582
8968
934
4770
7549
9214
5155
8481
8576
6379
3937
81
2320
9061
1840
4
6628
9493
4945
9580
4240
5139
6085
1853
5305
8086
1784
3325
7718
7198
9001
5170
2942
2666
625
6453
9140
39
522
7292
4660
2743
7303
2540
5836
5938
3854
2797
7920
569
7675
2442
4685
1707
9441
755
5951
6626
7695
4921
6053
5882
532
4141
4010
9275
0
9757
9793
8275
387
8451
6151
397
6861
3129
8634
6505
3636
1443
7029
9753
5088
5420
9619
1883
3266
2858
2844
1532
2819
4115
4461
5176
1061
1739
4929
8163
5985
4774
7557
6678
7404
4677
7621
344
3968
325
4177
1459
9239
5133
4116
6034
9607
2926
7535
9172
8565
7228
2116
8656
3585
647
8011
6695
5111
6200
5522
6000
4000
8985
9677
9436
2827
6057
4857
4418
6717
3905
9027
4674
460
8281
4753
5467
1344
6797
6986
8780
5842
8558
446
195
953
4043
9019
7038
9261
417
8222
4038
3542
6684
9259
6755
9910
5238
1254
2236
8489
8399
7905
4987
2754
5455
5017
9860
7971
4718
3669
3600
5201
3964
1650
7472
3890
5402
5044
3755
2138
447
298
7294
311
6121
9796
1517
4415
7488
2075
1014
6040
7959
9808
6817
7671
623
1408
7812
5889
9230
295
7252
5906
1239
3320
7100
5812
6565
3975
1449
6933
2927
2347
7589
8129
8500
7376
6864
6594
8417
4031
3065
2062
5235
2731
2387
8151
2244
2365
9236
957
6477
8341
1444
6139
2369
6181
6424
7845
2155
8641
4454
7505
1971
1153
8014
6729
9623
9624
800
3986
9626
7997
8667
8872
6587
8076
1487
5756
9843
8483
2816
3102
7725
2974
9184
3888
1515
2160
7543
7852
6578
82
2021
1089
1717
6930
6454
3310
2810
2214
9701
9707
7838
4665
3763
6926
4006
1923
1143
3685
1619
5209
1115
5365
2232
4554
4400
3343
2719
6863
1562
5662
8556
9948
5583
5466
4822
5394
9896
6841
5336
3261
2200
6015
2994
8412
8907
8009
2219
4260
7430
2490
4664
7992
878
8172
6953
9228
4887
9679
310
8234
965
9174
3708
4299
6772
408
7511
8681
3916
560
5941
1247
9615
1446
6017
351
6220
9311
3341
132
6788
341
8369
6393
2023
8755
9901
9274
5626
8261
4955
2730
7752
35
4271
7707
9809
1634
6022
3739
4634
1885
2840
9272
4426
8843
6129
7161
8382
2265
4519
1662
3434
8767
8071
472
8812
4737
5232
8081
3809
7800
9076
1961
5845
8295
929
90
3132
2675
3633
9832
8604
1466
5484
4103
9155
9471
6286
9506
5315
9368
6088
4681
5904
8219
2638
4874
4366
8109
9502
1353
3437
8246
3265
6859
8254
3221
6484
6323
9581
8658
7165
3369
4704
5749
2767
7206
4806
505
8564
5329
1270
6975
3586
6686
4633
7362
3226
4588
7713
8105
6046
3833
2890
5150
9653
6097
1009
5663
5497
6542
7970
1776
5063
6559
3355
8048
361
9141
3508
7189
847
9665
136
1816
1370
3568
9560
3805
3941
7627
9773
3734
2629
199
1279
2982
6364
6325
3767
9397
4904
3969
9163
5472
3687
2605
6805
3478
9341
5353
3114
819
8726
9448
2229
777
9047
4938
2050
9256
1296
4352
3274
4876
7946
4901
1744
5443
3632
9608
4148
9054
1827
5910
8425
3452
3871
3160
574
2418
2648
4617
2752
5165
4435
2419
9706
622
6031
9242
4860
6431
539
5055
2507
1327
9382
8586
7285
5234
2838
6787
9026
9794
3109
621
9851
1028
2831
8198
9895
6704
3718
6078
9519
7688
2881
3989
2778
4445
6763
6101
9787
9549
7185
9277
1167
6543
5299
1830
637
8446
4632
5431
2575
4594
2325
8192
9559
5375
9082
8679
4211
7291
5188
9057
2361
1638
9833
1144
6369
3458
1742
5412
6885
2929
4645
5760
9168
3999
5974
3495
499
4037
1242
8678
2954
3389
2745
1473
8829
5768
6321
7429
1263
643
5586
2768
7257
1183
6556
9266
5096
2122
3194
2849
4417
8554
288
1511
626
5482
3026
4333
5885
5740
4156
243
9420
292
16
3583
3516
683
3066
6915
6279
3602
6553
5115
2920
268
7183
6312
4956
9922
3712
7829
2370
6356
7874
9518
9292
9129
7610
8609
5685
6459
9085
7637
6971
9161
9841
5312
3101
6021
58
7475
7643
4459
4039
1377
9720
5806
3490
4531
2390
6669
6816
9552
5667
2956
7056
5474
4661
3828
5737
6947
3477
9918
474
4431
6275
6754
9043
5733
3475
9262
138
906
373
5186
3165
1554
7986
7394
4613
2381
7659
1666
6710
9775
5970
6612
5939
5661
8999
3227
1037
1585
1022
6052
5149
1698
7238
9782
4614
7326
9350
6060
1036
8070
9872
5326
8381
5923
7884
6131
5297
9320
4052
4425
1529
8320
886
2828
9849
5872
383
5271
908
7625
699
9834
3658
9491
888
1040
783
5593
5644
3131
6821
6560
4032
1866
7299
5696
7137
7045
2928
3522
5278
2863
7325
6527
2206
7575
337
6592
1543
792
3721
5057
7588
8695
6666
2845
7011
250
9597
8211
4581
321
4027
5157
3553
4151
4191
8836
5206
6263
1691
144
9183
9308
5683
448
5620
3439
2051
8561
3215
8157
3030
2979
4578
2131
701
1328
9241
9813
3418
2630
2661
4286
2687
9810
1972
6193
4479
997
9758
8518
4398
8462
3219
6713
2464
7308
4085
7611
5504
2221
5930
6441
6657
2151
2404
5178
5933
8354
630
9650
5718
3121
1804
2578
5536
2275
9279
7566
1985
9186
9547
2814
3506
9363
8831
7883
5062
5962
9435
5212
2013
5949
2930
853
9588
5742
7264
9504
8769
3615
8020
1935
6304
2408
4336
4203
7099
871
6563
6802
6124
4406
9940
4481
3943
9319
4757
9009
9325
9554
780
4509
4301
5875
338
1919
3807
8426
1478
615
3171
8998
6610
3311
2462
6184
4001
1445
4736
7456
2997
8949
7142
1982
3079
7396
4427
2482
26
7106
7913
9240
7759
4113
6182
8029
738
6437
4430
9223
3169
9572
5295
3257
4675
3804
9265
2642
5525
7583
4098
9945
5433
7982
2826
5771
9294
410
7612
5794
6998
8169
9213
6432
1740
4536
9084
3507
4332
4871
7516
3956
6141
5087
148
5025
2603
3222
9510
1051
4612
7735
1548
3820
2475
7021
2727
2400
193
7272
7891
4680
5511
656
4859
5945
2760
5090
3217
5717
619
6570
7964
4573
9537
7402
9985
2589
9492
1350
876
3267
8542
6512
4387
7766
7898
937
9251
990
7314
2172
5237
9904
8503
1452
4409
1676
9923
1845
6460
6918
360
2323
2785
6212
2621
2398
2820
788
5190
3372
6287
8133
1401
4154
2531
5470
5719
4275
6231
1169
1791
6981
9754
7390
2223
5112
666
3213
4696
9617
5539
3111
7888
5147
6120
7159
7216
9684
1337
3403
6931
8607
3577
7775
6306
7480
984
1674
182
7485
8888
1197
586
9788
5957
5132
8886
1930
6826
5500
4776
5492
7657
1002
7890
6905
2056
7586
8158
8591
5395
4744
1843
5506
4584
1983
2439
3390
6397
1648
7548
4541
7340
7446
2018
1277
5480
6510
9505
4980
1357
2028
8942
8746
4413
1606
2424
9194
5456
6126
2042
2321
9652
2277
6257
9125
172
8522
3463
9612
9162
2961
2887
6642
5053
3893
646
1435
3962
3559
2011
1249
3260
4647
5436
7827
7819
1495
9079
6925
1274
15
8061
6116
7497
1524
5702
2433
3746
6238
9651
6920
604
233
2552
837
5645
5746
4080
8121
8347
4820
6650
6499
6384
6949
9847
6725
2445
9224
9591
8035
273
5174
4728
3950
9045
6466
1546
1467
425
8302
591
4607
2237
2866
9856
8723
7925
4424
7241
6706
7449
1682
6074
5594
6478
4124
6348
1927
1229
8697
7684
8380
3349
5674
1006
5383
3877
3035
5677
9826
9667
9113
1658
3199
429
3978
9750
4343
1065
6660
4270
6936
7026
1267
6718
7017
9415
4817
8984
6310
2355
9867
9578
7152
9971
6367
6165
1630
7927
164
911
5705
6791
4982
5389
4202
8477
6598
8844
5449
6396
3744
3841
1640
5786
8544
5722
4040
8065
659
4795
3781
8212
3138
9484
3367
6503
5647
1284
1955
3957
2689
2683
1978
5330
5028
356
4976
1306
5716
8268
5859
2368
6489
1568
2823
6573
7719
370
4247
2189
2873
5880
4755
6497
8442
3500
3145
735
4925
8536
9842
394
8165
4181
7873
2808
4694
5179
3649
602
4514
8258
9738
9494
3896
3466
1489
6174
2263
32
883
2781
43
8668
7447
3370
9751
8782
2015
3681
3112
7065
6806
9419
3313
1861
8703
7470
6808
6871
2393
4970
92
4832
3856
2750
4008
6532
1349
1727
7469
2560
7609
9267
1069
829
6659
6820
2322
5121
48
6679
2093
7781
2299
6032
3505
1858
7958
5605
9993
603
6711
6429
2118
9299
4983
909
7332
208
5763
5710
2616
1573
1863
2610
7356
6917
153
5085
2762
4701
1149
2430
9907
9894
7088
4609
2293
3198
4900
3520
165
3484
9682
2598
5378
4035
1743
4631
6163
1933
8251
1273
3395
6995
5200
5127
2995
547
9687
4305
4829
5548
962
7139
9604
664
7126
6322
7931
1787
8148
4890
7041
3576
2187
9941
280
9197
5706
9326
5125
1572
5821
7147
2804
7440
2679
2149
3420
7614
5473
578
8389
9637
3705
1711
1474
7817
1236
197
1686
3158
4550
5977
3779
8039
5805
1450
4844
7094
4567
3272
7301
6476
7188
5061
6002
7066
7540
7541
1667
9157
516
5972
7631
7950
8848
7894
9132
4205
3895
6495
87
7281
1348
1044
5145
4809
8885
9151
7167
7623
6637
7815
4244
8239
9297
5924
101
9226
1427
8511
4105
2738
1186
3130
5311
6104
3786
5015
7842
467
4880
8512
6630
501
7129
8257
5681
977
9307
4472
8233
2594
2298
37
2998
5097
7387
8821
2069
6332
964
6247
9360
8854
2129
822
7231
2721
6222
9014
2427
875
1907
7077
8375
9699
3170
9541
8913
7144
6727
61
4253
1105
3873
624
2854
5444
9697
4224
852
1123
7435
1718
6705
6249
9444
7502
1520
6585
9529
7218
7928
5254
4213
7747
8713
2132
5325
430
6888
3427
6685
766
4856
8471
9625
648
3087
5540
3469
4176
6611
986
8094
1569
4841
1876
7565
7710
4471
8802
7871
7993
3054
1341
4899
3304
7866
1737
8300
4196
913
5103
8154
405
9348
2618
9439
3464
9633
4310
902
3918
1477
8799
7506
9756
838
1148
1965
1901
9391
5098
2035
5866
4787
8823
7024
3025
8137
8790
610
2528
2939
3768
8319
3342
3457
7403
6923
7831
1000
8874
2282
2497
2606
4968
889
459
7983
1166
8326
5531
4756
72
5066
9881
6688
1514
3794
3842
3346
3557
7448
4875
8752
7887
8787
7619
7005
3249
3944
6900
8727
6455
3233
1387
1207
9719
8419
3931
2391
7010
2339
9207
2376
9702
2851
426
2121
2802
5557
573
8428
4935
2108
4615
9893
252
3042
4277
9102
2600
3108
655
9538
8596
6722
1932
3052
2850
5194
1832
2494
7035
7202
8353
8868
8216
2003
6519
9830
4358
9015
935
1556
7360
1082
7494
2912
3045
220
2655
6875
8213
191
285
9135
7804
3699
2235
7260
816
1383
4337
8455
3690
1796
8618
5156
41
4088
5541
8632
1015
3644
732
9095
6362
4583
7701
414
9915
8982
3258
4971
1789
2022
8698
1642
221
8427
3345
7638
3070
1561
5855
9312
207
9991
7568
3875
1896
5141
2159
6248
6845
4267
379
4152
3063
839
3071
5175
79
3143
6829
1243
670
5766
6142
6895
6056
5343
3041
2084
8150
8594
6500
5955
8908
7048
5684
709
3264
123
846
5554
1007
2073
6401
798
29
5905
7460
3014
5687
1004
2145
9078
2467
1321
2505
9675
5197
1439
2319
2267
9642
9234
4769
5030
856
1931
5986
1388
1470
1926
4600
7153
1920
739
5828
2228
3547
2737
4323
1892
1285
5799
6330
2654
1438
6868
3386
3428
760
6625
9438
1
3713
1111
8514
6328
9526
635
9066
4144
7130
7818
9058
8466
6927
1233
2271
3253
6635
9271
5089
7279
415
4917
7764
2639
6012
4905
3232
9717
3758
2487
3590
8310
8810
2071
8248
6047
1818
5372
5666
7209
8226
1769
2874
1580
2550
4110
3666
8898
1793
1070
1103
5547
4566
6024
5595
8743
5430
2070
2822
6349
4538
9377
8768
8574
2224
9117
3521
3596
2753
9209
2798
6599
1647
3234
2067
4722
367
2213
4666
8839
3053
1527
7134
9664
4258
6652
8291
8118
4477
5515
2162
470
6742
8661
7758
4395
2385
5123
3859
4117
2109
6244
9485
1889
764
5879
2914
7176
4482
4616
5346
8482
9883
7478
6803
3482
2184
3940
4250
9539
7423
7263
7201
9389
9524
6812
6681
3789
3642
5999
3140
5542
7097
251
1710
9181
9250
4129
3119
4383
5700
6020
5956
1391
9649
2989
7464
6072
5947
1774
5244
4505
8242
1138
1810
7389
530
2276
6770
9661
6903
247
1807
4325
9264
7773
3777
8199
7004
4296
7641
1005
2283
9046
8000
1911
5697
4108
5530
9690
7366
8357
8873
8883
2532
4593
3822
4644
9030
9097
5888
7746
6337
596
6083
5744
1533
2432
5501
4879
359
2394
3288
3027
813
9460
7863
7063
8080
8218
6602
5534
5364
8101
5658
4542
47
7496
633
5162
7909
2968
5895
5624
7319
2316
7450
8689
4984
8360
7569
7880
3927
1092
4480
7433
4825
1518
2567
8370
2522
611
3358
4713
7174
8819
5320
157
9972
8277
5619
7211
861
3271
1526
482
6316
5102
8814
2124
1329
6357
428
1429
597
4606
7663
5922
3073
3419
9245
3481
5342
8841
1806
9712
7085
6789
1135
2987
7794
9144
6296
8045
2457
5362
1389
7652
465
8510
7370
8476
2764
2544
1669
2065
1343
334
4033
2877
2027
702
9869
8842
2153
5736
7844
3498
1481
5784
6196
706
8395
8948
3738
1410
7585
7859
1020
9487
2856
5508
1209
7023
9877
3043
6187
8404
2112
2921
6146
9517
4241
2644
271
7348
7028
8896
6898
8627
7593
1753
7954
4357
6381
4294
3588
1802
6541
1471
9
1493
4377
1625
1168
7075
7405
2140
6959
2186
3209
2169
8283
8745
9582
8753
1993
6799
9848
4626
6420
8709
8972
5317
4234
1679
8904
4621
3536
5476
2977
8711
9193
7421
6940
4873
1703
3876
5359
2992
444
9456
8274
2468
2220
112
3393
2300
9546
8102
3280
1159
4624
4630
7607
9844
7680
981
4953
2910
949
1375
3157
2317
4991
3001
6502
9445
7244
6436
6964
8924
364
4944
6178
5899
4579
5790
8
1421
3091
9544
5479
5463
6132
7716
7872
1355
3851
3118
62
4836
1870
8808
7520
963
95
9280
4053
18
7952
145
9545
6910
7154
4230
7751
3218
6899
8025
8249
9041
2199
8383
5512
5243
3154
8103
1109
5659
4329
651
71
763
4590
304
4126
1809
3697
8146
1298
5451
4965
2366
8579
7861
5689
116
3203
2950
3110
9287
6197
3534
8539
3430
2633
3603
1171
9139
6877
1728
8552
315
5006
905
9949
7879
7616
4812
4902
4850
1590
6320
6335
7940
1278
1922
4028
5371
6435
9630
8055
1864
5676
3864
8491
4478
6175
4262
8097
9967
3934
4197
6902
4118
8116
57
6842
9729
6874
7745
4160
4877
2246
9330
3436
515
8312
2458
2026
5931
6938
6944
437
6119
80
1574
3511
8592
1519
6199
9783
3889
7093
7410
6777
9791
4490
4700
6204
2691
8766
25
2428
93
9736
3798
7813
2587
3085
1269
2358
2547
5811
6740
9029
9457
1831
9025
924
2297
345
4351
2262
1378
5571
8253
2489
9006
5084
9128
4016
7377
9693
7283
2938
1280
1309
9478
5627
9110
9804
2895
2652
5815
7552
2000
5704
9148
1441
6712
7236
941
5214
5148
9149
6026
7384
6963
6395
9733
5477
270
1800
8960
4083
5293
8385
1916
7582
8027
8945
6584
9562
5946
4692
1620
7422
5033
1941
5416
8068
254
4659
8581
1074
7223
3696
7284
2839
6095
4041
1882
6818
6122
1403
9855
6209
8189
4884
2524
5314
2343
1534
196
7851
54
7019
5948
9553
169
174
7327
9507
4986
7173
3412
6672
9031
3955
6155
9659
7273
9301
4013
1118
8887
4576
6908
5286
6897
4561
9799
6264
7801
2005
4384
4623
441
332
580
154
7563
2960
8947
7001
1234
8770
1253
7749
3783
9202
1994
6191
8920
2367
1077
4771
7330
4194
89
1869
5106
8806
4334
8270
4353
9928
7055
8018
119
5300
1626
6070
892
4523
4863
5952
9837
6103
6250
2030
1096
4958
9065
7653
8238
4950
2670
3339
1428
5728
8138
9875
8032
5241
8732
3300
3657
2179
3823
4540
842
3340
3174
9220
6693
7501
7561
7654
7095
3995
3886
4236
1049
5602
6601
7910
999
3984
7930
8230
2813
7900
559
9876
3749
8374
6350
7533
7576
8597
7972
2539
2636
5712
4073
8555
1651
5396
866
5654
5668
6030
3952
6236
1307
7570
7613
7600
5013
7849
2414
8358
5708
8694
8468
3474
7463
3357
4132
8647
8304
8181
793
5569
4229
4733
129
2847
6255
8809
6551
9766
4251
921
1730
9225
3013
4143
1857
2622
9806
3517
2270
4940
2110
2331
7345
3326
5937
8820
6912
9221
579
3760
2584
2640
9119
9784
1687
211
5883
7809
8072
2163
7605
5803
7481
4508
8436
4603
1352
7068
3606
4215
452
376
4355
2871
1660
533
6272
5847
5802
8715
657
7926
8298
1475
6419
5032
8866
6819
4051
2673
1224
2604
2685
4453
2848
2204
2082
7787
608
8626
3555
1898
5367
6398
6597
5129
3523
2041
6133
9961
5313
2799
4937
23
767
8795
6463
5876
7821
9199
2352
7
4916
1976
593
1050
860
9447
4318
7865
756
4833
3049
1140
914
9440
7286
6644
5917
5400
1345
7451
5259
1347
3970
6721
9010
382
1464
9455
542
9469
1291
6110
5131
2098
5601
7235
7733
1351
7103
4553
4458
9768
8559
4510
5195
2397
3652
2824
8764
6338
2704
6516
6358
308
8377
3770
8654
2744
1795
2773
8115
686
5363
7899
5944
4780
7037
4095
229
6171
9790
3673
8504
9356
4772
4522
6849
3529
7808
2525
1318
7737
2500
9715
6479
5309
226
7617
4182
1722
9198
3086
6778
9673
5731
9718
971
5850
9486
1033
6281
8520
7000
1192
1059
1767
2599
1715
9000
8434
2106
4204
6150
4792
2536
9933
1588
8499
6319
1492
3723
2007
4018
5447
1989
51
8838
6106
5582
7090
6147
1798
7923
2360
3262
6701
7300
6232
8587
8788
7601
5618
6177
6581
3293
5750
4985
7380
1178
1799
9273
4896
7192
6590
8754
6613
8951
8625
6750
613
1724
2063
1536
6376
5052
3476
503
3373
7118
5361
1890
6127
8171
2413
1181
979
2314
993
1397
9980
7205
590
584
3485
3136
2452
509
3037
5564
1623
5747
5730
5407
9955
5837
6575
3206
1266
175
2905
7776
9022
4699
8021
2558
9298
9584
204
8343
2359
6183
1411
3125
1540
1503
1288
4570
5288
3029
1537
9648
8130
7434
6055
3256
1399
3562
7042
4847
3584
9013
8036
4042
7143
8568
9332
1303
8488
5565
4669
3546
3230
281
5897
9969
4350
6549
518
494
8156
9631
2245
8185
9744
9835
6157
9399
5935
8685
9175
2545
1797
1992
2519
1761
5065
9836
1422
1212
2047
6192
5181
7756
256
5354
7214
1914
9819
4784
5903
8351
779
4483
3900
7115
7999
8317
3286
5965
3008
9857
9593
3318
2867
5413
1855
7765
9845
5734
2585
7632
2736
5292
7848
1359
1210
7131
3844
4747
2966
2161
8095
5273
9786
4627
9937
7799
4056
9069
3
5351
3922
6048
4534
3831
6216
7352
7665
8930
598
455
4344
4485
831
4306
5770
3860
5606
6946
2146
9970
9641
5509
8851
3150
1654
6213
3270
2484
3472
392
6346
6786
7908
2915
3538
2645
2438
416
5146
5983
6268
6059
6243
2158
742
5989
769
7673
9449
9885
5099
8269
8716
4697
6450
8265
5140
9614
9770
3675
570
6614
1226
3211
7311
8687
8126
7650
4558
665
2583
2166
9924
698
2363
6698
8111
7763
8197
1741
1314
7321
3190
3282
7515
6341
4089
8629
7704
5227
3083
1559
2733
244
2148
6443
3639
4601
6769
1614
689
1390
6403
6522
8394
2586
6111
6185
1490
9124
2617
6554
6987
5349
152
3627
42
2935
4489
1231
6203
6295
8348
2697
1013
4245
521
471
8280
8683
5597
7862
6217
2757
8244
2025
2870
4979
5392
3438
6743
1764
3827
7856
8515
4934
5552
2608
3847
7571
2948
2812
7645
5775
4725
2083
9112
1567
3287
7792
4894
3050
9950
5995
2258
4993
2266
2512
2182
7537
6825
4758
8132
179
8022
1719
1440
4391
2099
3541
8152
3078
242
6027
9739
717
1480
3178
2662
2130
5755
3098
291
8153
5303
9711
1453
1454
9643
3017
4147
8373
3126
8811
4690
712
6518
8728
7058
113
4619
2284
8616
6470
83
10
529
9177
6061
1494
49
6493
2008
2333
328
2104
2563
111
3268
76
5376
1964
7104
8041
7224
6407
5507
6487
3289
3391
9566
7479
7247
5623
6065
2580
7761
6260
2212
9258
1365
6402
8800
6767
9563
6569
8560
1483
2420
2017
7261
9723
3743
7262
8287
781
4641
1113
3307
7382
870
6622
8114
4513
1448
3155
4842
7127
1541
968
6955
353
5263
4021
3496
9179
4433
9635
2193
8893
3613
8996
2792
3757
9147
7124
3285
1631
5527
4070
4529
2318
2694
1098
746
6680
3564
826
5592
5373
5419
8584
9527
3015
7351
8321
6035
9411
3728
2857
7991
2796
5230
8329
1875
8492
5350
8608
3333
6003
6870
8452
7551
7932
8365
1736
1184
785
8724
4320
2403
5795
4381
8870
4313
9902
2279
4605
9638
5954
2395
4059
3081
9473
4394
6719
5410
6891
6001
796
8672
6159
6148
5877
1611
1371
3441
5116
4378
3361
5783
6534
8508
2835
8400
6749
5625
2911
9489
2924
5279
2349
1594
4097
907
1895
3094
3292
8038
2031
4562
5496
5421
4882
7777
5874
1425
2894
4030
7070
7054
4005
1731
6609
5878
5173
5138
8363
2434
5694
7968
5144
6194
4184
7948
4778
8067
3040
7669
3840
9805
7052
8286
8104
1132
743
4931
9931
6160
6800
7943
3589
5382
5600
3296
5450
4988
9349
6202
6552
7668
4551
1237
2739
6416
7047
3678
2242
52
7322
6562
5036
3509
8460
5091
7151
4212
8362
1771
5446
6728
7519
7149
6690
2312
8316
8601
5045
8235
8423
8002
6077
818
7728
7837
4082
475
916
1828
3664
7916
9479
774
1867
6394
2516
279
8303
2975
7297
9960
4218
5629
8513
4348
6901
9742
5426
8288
4312
4003
5640
4672
8784
9422
6960
8059
8141
9992
915
3461
3572
1451
5007
9370
190
2651
7805
1713
2559
5154
2548
4092
9270
8099
2032
8464
8342
9759
3462
189
278
9296
4214
2139
8403
4125
9898
8135
2970
4726
1117
1299
9722
6970
9442
5366
2127
6759
5086
4474
6985
4610
6273
9145
2658
5050
1482
5650
7753
2825
1394
7544
6824
8144
9176
2459
6375
8572
184
2740
1160
5772
2178
106
8686
5306
9136
7268
6976
4928
1019
9089
2641
9316
9691
3082
8971
5590
6880
7031
7962
8916
5873
2176
6643
2371
4369
3670
726
8791
200
8368
6961
1380
4870
1872
1952
6889
3208
4684
3710
6640
1294
5767
8620
4099
849
5961
4047
1538
9246
5516
180
2724
3200
2595
887
4781
2192
5069
3703
1696
3059
9055
3535
8832
5217
4743
8516
6149
2340
9201
7724
4552
362
6315
4252
8751
294
7628
7651
707
3736
3838
6555
7712
6850
2901
9323
5223
3634
6779
8131
8338
7953
6969
1315
5981
1844
7399
7296
3545
696
1078
7467
5581
5151
8208
1374
7933
676
7483
804
7840
378
5743
7686
1259
6913
6162
3960
5518
372
7073
8889
1928
2469
810
7517
7213
217
1362
2039
3811
4746
3492
5380
331
6230
1484
8063
8793
1909
5765
2481
4159
5398
940
8593
7128
5143
6814
4029
9229
5331
3762
7256
9999
2520
3127
6736
3899
4002
3645
103
94
8371
4100
9138
3235
7400
9946
9338
186
5381
6180
1436
773
1407
5415
5988
1126
9453
5738
650
4133
245
9978
6390
734
1332
7290
5009
4311
3290
192
7936
8040
1189
3607
105
757
9059
8957
2479
3223
7280
4599
4760
4823
1709
5333
149
7490
262
1398
2046
2899
7846
9685
7043
6878
7012
6413
2288
3677
2097
2402
228
2631
7119
9344
4166
2900
5262
6855
1316
7105
3018
4321
7437
7807
114
4796
5192
3993
5608
2208
8187
8549
6632
7123
8921
9764
8453
9083
3444
1053
9345
8816
201
5193
239
4183
8858
7734
8644
1773
8562
2234
6036
1097
8937
3323
6834
4635
3616
5762
439
9340
7942
2425
4545
5276
5122
4865
248
8125
1921
2551
3308
161
4360
4587
582
6737
3429
2620
6735
6007
2692
8062
357
8028
1570
7961
6091
4628
688
6893
2291
4076
1600
9300
7282
2646
5827
1260
160
4568
740
7195
2626
7803
3704
1852
4946
8639
951
7649
70
4597
787
7353
5272
3837
2473
3655
8725
7878
3953
2546
1232
6480
2113
3423
7155
2623
6009
4547
1265
5774
3382
1763
7060
1282
143
5964
3245
4248
5101
3694
2478
9281
6041
3224
1694
7771
8290
5523
3210
9034
5171
1147
6462
5646
203
1339
9372
6113
1068
5777
8992
2215
5285
3371
9952
377
3654
6071
8507
3279
627
1888
3383
2465
6136
3966
6201
2101
64
2865
5067
1384
3100
7503
435
33
6245
1641
8964
4689
9634
7418
8259
8205
8615
4723
5848
8710
4975
4782
155
2382
5631
8690
4265
9755
620
5304
526
5469
6720
9396
6583
6239
7736
1055
4872
7836
2708
710
808
6408
6226
2326
5183
5832
2515
7053
2257
3093
2350
6340
8017
7200
2055
3350
4436
634
4913
8961
3297
2834
7096
9004
729
7114
2706
1788
317
3548
5016
4274
3659
8936
3512
246
5439
7547
7222
1300
5026
1624
2156
3992
2884
3480
8183
6368
9173
8691
7323
9954
750
5393
7050
9740
8902
4009
131
140
5514
9210
8692
1016
133
885
2811
6445
9859
1413
6892
3069
1991
1026
654
8175
7401
2710
8640
8240
5546
151
5549
6339
6474
3399
3731
9235
9401
2980
1251
1681
5323
6467
1754
1319
6857
4517
7027
8778
8336
2091
6600
4302
9599
9840
440
6473
7486
7795
2883
7521
9467
830
9480
3394
4516
4532
7791
4926
2133
9464
4460
1652
5298
5011
3855
3137
2226
557
2690
5355
4364
2703
3103
4886
3795
552
9613
8970
7367
7113
1609
7881
3061
5680
7969
3409
8911
6066
6167
6051
7546
2569
9302
4773
9616
9935
8472
2735
7145
8006
7307
1747
6773
7359
3821
5437
5921
8346
8740
832
1999
166
1201
4473
7212
3525
855
904
8124
7823
9731
7722
7715
9909
5264
4537
6282
8069
3845
1973
5638
9219
1290
2499
2817
5368
4185
8880
5992
4800
5599
3488
7922
8894
2590
2354
1356
2543
137
4326
3016
8350
8862
6485
8113
2514
8225
3168
1665
2659
1924
3321
5823
8445
4869
139
8223
5911
5570
1586
7635
1091
6256
5505
8322
6790
3619
5651
8203
6130
7458
2045
8669
4843
2136
807
4657
232
5070
595
6336
894
8954
8665
5041
3443
7471
5622
6945
3554
3985
2377
3892
5829
7860
1950
9662
5495
6619
682
8174
7907
2488
9310
1587
5161
6115
691
9156
5289
2335
3870
6517
8142
4642
2254
9379
1539
389
2686
7171
5261
7331
5187
9092
8444
721
7132
8031
7361
7662
130
8397
4663
4188
8884
9797
6545
3974
5352
4813
9596
8043
1975
880
5068
8963
4354
7079
9762
667
5269
8289
9669
8650
2821
3291
5943
834
9745
7162
2782
5335
8439
1400
980
1566
9561
5370
3332
8330
2990
6561
1577
2875
3887
1194
3248
8918
4990
1175
2783
7596
525
188
2972
2612
6530
6087
8969
3775
8857
3665
73
8024
3750
84
6746
9462
9488
7109
2417
2422
9542
4106
3455
4382
6383
7287
4932
1549
2902
9951
7944
402
8602
4803
5236
5561
9966
5724
8847
2557
3735
7553
276
1613
206
2983
2449
8120
8548
4912
9383
4608
483
5578
6417
8956
2177
4964
2775
3347
6137
4821
8747
1469
6853
5789
2715
7492
7522
282
7594
7784
7455
7977
7091
473
9500
7246
1856
6092
7706
9879
6999
720
3396
7217
5058
3106
524
8674
9574
6225
3422
2455
6804
5453
1643
5524
4527
4438
2951
7810
8805
5559
9874
7015
1555
1805
4049
2240
5535
9854
2492
945
5568
8082
753
3453
1837
7935
5076
7049
3885
4840
5785
5219
7240
6496
7730
7661
1289
7276
1393
2485
78
6617
1217
9777
1970
3630
4015
2922
4476
7727
5060
629
6254
946
4673
8739
4572
9263
2534
488
920
7915
8577
7493
4420
4595
1690
901
6093
3663
567
1953
550
3374
8600
1879
5628
6879
1141
2154
2164
4707
3306
7527
6924
3510
959
7893
7743
3080
5810
9216
6852
9385
2102
7157
1752
9913
3000
2399
2932
3994
4977
3322
4441
7076
6400
1008
3866
508
2054
6138
305
8414
4855
1974
6906
8143
3948
8406
205
6972
6081
9540
2897
5290
2748
7194
4058
9143
6982
1038
1528
4494
324
1498
7779
3404
3671
3309
7850
9088
9645
5703
457
1418
8646
4389
614
6039
4939
8744
1760
2207
3913
5926
7411
4219
9122
1649
8860
7180
451
4291
2044
2729
3197
8712
2741
4695
3147
2085
1531
6218
8653
2705
1104
3573
8895
1216
7466
5994
3363
700
6665
6884
97
2117
9108
5475
6154
681
4375
5776
7798
5693
2448
2945
4698
7304
3715
3139
6112
386
3693
1363
5573
540
3531
6781
9523
1292
9636
6838
910
5797
3047
7835
1179
9283
8449
4766
7141
2978
6387
9317
7318
8432
7098
3044
4688
3328
3099
1708
53
1684
2880
4868
2174
1093
7595
7778
1176
1865
2923
3120
409
5270
5634
5759
8765
4651
1196
3314
4835
2846
1386
4393
8988
7841
4846
7083
1821
7032
6018
3898
6343
3048
3567
3251
7598
7408
3808
9387
9975
784
6966
99
5282
7833
7755
1525
714
1902
3793
5982
8448
2555
8315
3759
7882
9964
2830
3426
6978
8469
5357
8335
2260
7215
8098
1969
6702
5698
5720
6605
511
5603
2572
6380
4620
848
9688
641
1214
6764
5529
5233
8623
1563
2680
8781
1322
4134
645
5757
1912
2571
8588
1326
5461
6258
4622
8757
7226
4637
8846
146
3269
489
2471
4451
9459
716
2714
422
9130
5807
4648
6498
3594
3829
6342
3360
8938
6099
9700
8220
5078
2907
8917
882
8215
2256
5835
9072
178
269
4026
7658
5809
5100
3858
678
7788
3302
6932
6668
6267
9873
7062
5575
6334
8950
1252
5489
432
5322
758
4705
9134
8162
4487
6504
8106
8003
4732
6904
4004
8050
1762
2461
6807
8680
8413
3935
5428
775
4401
4671
868
2380
1581
4735
8617
5863
5169
3902
1663
955
4716
418
7203
9192
2058
7003
6058
7476
7204
9586
6265
3275
9153
5748
4289
5984
1199
4741
3835
1817
3720
3946
1779
3077
9313
2581
2175
6098
687
5553
8376
4920
2431
8958
7580
8140
4208
8465
477
8533
8075
7172
8333
5266
9288
3780
1042
2967
5120
6651
5198
2596
507
2925
3648
9565
5788
1083
4954
3207
7855
355
5636
3748
2749
933
2304
2068
3692
1847
8410
7197
8735
7911
8878
4798
8323
1133
9996
644
663
1286
498
5210
1272
3095
4639
749
8585
8638
4720
7092
4379
3327
24
5990
9557
8822
3700
6207
3064
534
9080
6856
6372
9803
7006
1903
7956
5
744
4927
7473
4687
7767
4574
5503
6411
543
6481
7634
9290
7904
5113
5830
4342
545
7344
6333
6054
5377
5969
4165
8519
4763
14
5670
4164
4048
4507
5423
162
2043
3301
2345
7886
1333
34
9692
1215
4367
2795
8396
3581
3556
9655
7350
6240
6674
600
3732
6109
8015
4034
728
5701
5340
7498
7802
1822
7341
3646
2734
8524
1340
4598
8660
572
7708
4380
9716
1244
1637
9501
7253
2383
3005
1680
8758
4686
7007
9938
1808
8008
8054
9334
1558
6775
7374
7581
7270
4178
1087
1897
8407
2784
5856
4091
2190
1382
4276
4759
6965
8826
7243
7342
9189
3717
6751
8201
7889
421
222
6363
844
147
4064
1240
1334
3375
3020
9550
9040
3012
74
4889
2508
5978
5245
9306
3202
3766
9670
8541
8487
2498
261
2034
4484
768
4602
8837
8013
55
9534
2758
9098
1645
8704
7892
7740
4407
406
2
6446
3991
8567
1785
1406
7748
4521
6810
2064
6835
3239
5890
4283
3920
8250
4200
5319
6980
3366
478
4791
8331
8981
2861
1223
400
7436
8850
1749
8859
2152
4848
8110
8943
8583
6776
5216
5614
9496
3317
695
8742
7289
7122
399
3384
3432
6564
6404
2386
1616
4708
3163
1942
3813
7980
5739
9227
1187
6837
6792
9870
8372
2688
5079
8438
5137
299
5034
1766
3628
2315
8296
8256
2173
7885
369
803
8409
9081
1887
7177
3166
9339
6988
3416
4137
5621
2800
168
3936
4952
5851
7039
6076
4266
512
4257
5411
8774
5649
7057
1770
293
3115
9571
40
5432
322
8613
1877
3135
5039
4563
4222
9871
5840
5641
9765
609
4263
1937
4090
4738
4470
5927
3565
3806
6434
6533
6839
7867
2292
6415
4193
413
1790
8666
5824
3967
3479
9452
2637
6318
8267
1891
7981
8339
9868
4007
9514
9476
7249
1632
1415
8714
3090
3711
7741
4388
2553
4923
1095
6392
1177
2678
125
7744
5027
9477
923
393
1064
4486
9008
1241
4493
5093
8909
185
970
2801
4819
6783
5966
1496
3405
375
884
4180
6472
9412
6708
8123
6118
1367
163
7750
1227
9289
8952
8128
6145
2048
264
811
1848
7169
7034
4315
9466
3281
6914
6371
5741
4908
9763
7978
3185
6089
2592
6957
7790
3792
8108
7425
1668
5224
7453
9291
8523
3579
8484
9747
249
9887
3679
6883
6577
4475
4867
4403
825
2833
6050
1735
121
2643
1783
4596
4448
6391
2296
7529
4173
4638
5556
8325
7709
4440
5653
6292
6654
9408
6844
4709
12
1692
6734
7868
1723
4210
6919
8107
6843
9322
3123
427
4643
9569
8188
7786
7682
535
9249
2668
284
8435
6876
5808
2593
3133
7288
7187
6385
5800
3951
343
4539
4498
5253
8474
3183
8190
420
8498
4281
9390
8538
7371
9698
8450
4898
632
6881
9212
6766
6694
8708
9170
1208
6747
3153
553
5374
1936
5782
7239
5660
3623
9710
214
998
9522
9583
972
4654
9555
4422
7678
4269
434
4828
8387
523
6571
4135
3164
9180
4592
8384
5913
3883
1592
7452
3911
996
2969
3906
9689
9285
5773
6890
782
4455
8705
202
1958
939
6208
2264
8345
5587
3976
3650
8789
7369
5849
4653
8179
6993
5414
3774
4585
9118
4838
8649
6558
63
6
7196
8429
4155
7420
9315
2274
6801
854
9734
2307
5339
3062
7995
5652
2472
4065
6305
3181
7320
5657
2157
1627
8202
599
1030
7630
3824
1639
5042
3848
7768
4255
5454
927
8173
8046
2538
1225
4376
6962
2832
2774
5452
6831
5867
1056
7242
8741
5002
7820
3406
1947
1685
66
7358
9038
213
9178
858
6105
3089
450
5077
7699
1465
1488
1156
6655
2656
3800
2078
9005
395
7906
6882
2836
2510
3745
7895
5532
3002
3201
2029
9309
8206
117
9033
7184
1305
8284
2374
8777
8550
2807
8501
9091
2511
5884
1405
1066
1125
1120
8178
5422
3365
1598
5816
7163
1131
8718
5056
6546
3193
5894
1671
7834
5348
2602
3730
5604
3958
9050
6158
6049
