583
270
98
783
776
538
591
985
207
545
209
644
768
766
655
740
337
970
522
83
547
311
679
341
996
978
383
359
754
933
930
915
917
312
842
683
364
139
290
614
642
212
292
262
940
165
310
693
464
699
981
815
546
965
688
446
477
673
50
939
898
227
166
630
178
901
342
466
220
482
132
619
713
638
676
389
136
533
760
605
60
906
113
218
903
722
636
445
226
622
953
572
186
448
360
117
148
775
357
529
64
367
492
147
932
874
215
441
748
63
471
200
419
79
336
12
498
455
883
164
568
258
774
333
295
157
624
223
54
738
670
950
733
891
451
202
770
229
616
201
819
34
461
70
7
329
647
855
462
377
885
843
438
925
585
500
952
155
210
890
955
813
420
413
493
245
125
232
90
484
414
33
428
365
908
301
650
964
994
928
150
41
94
859
282
725
631
286
299
228
536
709
395
750
71
43
515
708
665
695
620
315
946
318
846
49
731
577
988
188
610
279
599
949
992
480
254
82
528
278
323
540
459
241
443
782
221
900
518
847
756
829
922
698
263
566
769
322
973
11
1
607
586
191
623
236
844
135
677
434
412
387
612
21
347
305
539
823
211
660
430
39
601
427
799
506
742
398
504
627
532
384
380
173
99
158
96
206
489
836
899
458
573
649
907
560
265
710
243
488
703
975
429
436
238
84
134
87
690
648
283
714
418
146
919
416
503
203
685
393
764
923
788
608
564
108
958
639
266
67
46
977
861
640
845
140
274
363
784
65
576
837
344
870
474
615
372
947
579
854
944
177
261
478
513
2
541
170
659
850
671
507
841
791
759
137
984
470
848
692
892
483
426
524
156
905
110
369
411
521
674
757
594
737
62
811
391
339
101
431
242
909
93
814
285
705
979
58
852
606
510
168
989
19
345
185
761
609
35
197
198
126
519
798
216
5
487
284
442
516
473
735
167
379
497
945
833
14
881
319
149
697
794
555
222
508
246
0
44
30
864
159
425
806
422
618
51
716
530
726
405
109
183
298
963
324
472
57
734
267
951
825
957
338
557
785
121
465
751
822
527
856
217
490
460
800
873
578
554
584
574
694
343
717
399
142
680
176
549
370
358
936
569
293
637
401
251
809
971
902
869
47
335
303
767
25
654
598
107
792
31
297
747
361
878
180
600
385
662
4
643
897
81
332
181
730
340
961
512
889
810
169
765
777
565
702
463
394
781
976
95
328
352
304
542
571
982
675
224
696
77
934
321
968
366
275
596
762
803
320
439
744
382
145
59
626
268
718
257
327
926
66
494
22
832
816
793
199
92
195
194
313
509
396
491
956
980
354
983
960
496
234
875
309
858
6
621
719
330
672
773
456
795
306
130
896
974
999
993
346
381
288
617
452
437
802
587
834
23
706
876
400
913
592
805
575
388
877
481
20
863
548
17
736
824
296
967
10
741
247
912
325
160
684
40
356
144
187
711
743
205
931
681
911
421
835
663
102
264
252
755
808
350
651
85
664
376
235
287
778
511
552
840
240
724
820
272
990
120
36
91
887
563
231
758
499
739
929
556
326
78
821
392
969
589
954
371
214
972
444
314
260
291
123
914
390
172
408
807
248
997
193
239
797
937
632
24
294
625
42
189
153
682
256
884
467
787
163
942
276
611
433
871
753
987
789
860
827
666
895
29
959
635
502
353
882
927
872
476
349
531
581
119
998
161
916
828
208
417
525
991
244
689
839
667
118
190
355
704
790
281
661
124
255
26
752
253
175
250
590
629
851
469
701
485
334
331
879
351
100
613
151
423
880
415
780
249
273
72
86
486
103
362
9
857
633
48
831
888
597
562
104
114
602
184
138
32
707
468
122
317
593
307
152
948
28
15
373
723
219
505
475
866
603
700
779
37
728
580
225
133
918
657
721
316
308
88
237
966
454
128
921
772
97
804
544
410
817
375
749
179
162
18
523
634
712
801
407
55
259
182
867
80
715
75
537
453
131
550
641
561
495
582
204
105
435
534
865
397
127
720
447
678
868
432
378
924
893
727
374
73
935
818
116
8
570
404
112
786
174
402
440
53
553
27
826
300
277
838
894
520
771
645
3
68
656
646
56
449
920
280
941
669
501
271
479
89
910
691
457
69
143
45
269
745
886
13
812
386
514
129
628
543
729
686
849
348
213
106
962
141
154
424
732
904
687
567
74
604
52
76
450
796
526
938
16
517
763
830
535
668
595
652
302
403
658
559
406
111
588
233
853
551
943
558
409
368
289
986
115
862
61
746
230
192
171
196
38
995
653
