5511
8879
122
3596
2208
7896
9738
8203
8750
9282
6696
4285
3061
2443
2760
4245
9672
7250
1194
1581
3143
7228
6452
1177
8130
1490
3351
7248
380
6394
1779
2312
2265
8119
160
1084
7983
8977
7757
9228
574
4711
2327
1047
5085
9996
9161
3363
7329
9024
1619
4279
5890
8436
6193
5072
216
465
7719
8485
19
4049
5197
8777
1076
9105
7973
3727
7216
3580
4833
3069
7940
41
4973
1340
4571
6306
1912
7140
5193
745
4059
4394
3800
3087
6817
1012
9020
2824
4425
6077
3221
8496
7627
6283
1951
8510
2133
5388
642
9758
6117
5348
46
9626
9989
212
1717
1211
6898
2396
3004
3461
7884
3444
4828
3847
785
7430
9258
1105
528
6977
394
9603
2418
898
6779
5363
8789
8063
7071
6004
3477
529
7268
9773
4863
7592
8580
9908
5670
2144
5350
8850
4799
1659
4527
5712
1649
6668
7367
6191
5249
1415
6354
8764
7292
3374
4392
2291
1360
1971
9941
7353
4105
762
2241
2878
8117
2209
4689
261
9335
3253
2698
9015
614
3677
601
2992
7009
9812
7459
1184
4225
3266
1083
3581
6513
348
8848
9119
1021
2505
2822
8505
8487
5444
5736
6865
387
37
646
9332
5785
1836
9040
1193
3029
1896
1654
1042
1669
4542
6427
8526
1092
3418
1567
2115
3867
5645
9373
9932
2576
5205
4227
5439
1375
8935
5771
3141
3871
1616
6717
1556
897
7654
7888
1532
9072
2478
9328
7306
3796
4556
2009
3345
3383
1602
8017
2857
7455
2455
1722
2488
4582
8389
5585
4501
7814
632
9601
5516
1145
5209
6158
4239
5731
4338
6919
8056
1347
3303
7739
944
1450
8695
102
3024
3671
1097
4353
6824
3388
2525
1485
5722
6543
6597
4447
4764
1754
8965
6307
4977
4085
613
8936
7511
8477
5330
5620
7705
749
8014
2565
3274
3701
1914
5400
2954
4643
4514
8927
4404
7116
4091
8411
7272
5336
2460
6537
9751
2587
8314
7829
9627
9179
1333
1244
9512
9985
4201
7035
5300
1633
8090
988
2704
4497
8123
8718
9456
1079
8008
378
3702
1046
4294
1288
220
3825
8185
9229
6249
4685
6075
68
333
2914
8167
5952
814
5254
3676
2885
3566
2439
5225
4272
6014
6896
69
4749
5917
3016
6144
2363
4132
6101
3185
2856
9588
3940
4759
8388
5492
1183
9707
6043
9062
8343
3650
7179
4261
7251
1782
513
4265
7587
3446
567
3589
4696
4471
9944
7826
1692
6434
450
6878
9208
4819
7901
6404
345
7068
4821
8492
6654
1942
9097
8900
399
4496
3654
9405
1732
6188
7984
3799
7233
8845
3672
895
4188
4773
8055
6159
1296
6245
8029
4116
2589
250
8170
7766
9281
3595
6592
4330
6423
1060
9728
4350
8746
6514
6813
337
2532
4679
1108
251
2244
5306
6281
1780
2001
9467
1519
3759
5219
1161
4662
6655
7235
8719
2486
8709
5984
1938
7218
3098
5855
8240
2782
4200
8366
5954
2999
9046
3076
4027
1136
7171
1239
971
3308
3972
6507
7011
896
8949
2765
3748
1662
5656
6999
6973
2437
9419
7294
2851
7789
5463
4041
6164
2476
7900
2099
6370
1875
6296
5437
3917
6709
8642
9949
1606
1935
7764
5154
9794
3570
6385
9806
8211
5650
6419
7317
6161
7871
3101
5213
6237
4797
356
9211
3737
3929
8982
9775
3613
4478
2398
8613
6498
6578
3652
2178
7944
5594
7481
3343
1766
9977
134
5654
7870
6594
1148
4750
7969
5631
324
810
1070
9678
7677
2317
935
5997
2141
347
2838
3208
7948
648
1792
5301
5310
1109
4271
3660
2580
641
6926
2826
8550
8534
5268
3611
7149
5267
9591
7937
2759
4824
8609
4541
1834
6213
7278
26
8134
7465
4835
7280
3731
5696
6239
4213
1936
4381
1403
2256
205
6560
6240
6948
9464
8624
2207
8966
1618
6536
3126
4031
8311
3515
341
5509
433
1821
1378
726
6282
5627
1056
7793
8705
8369
7525
8325
4538
2031
7567
6107
4953
1473
2678
1949
4645
8811
2299
5055
8669
8828
8617
5432
5757
7929
425
4
2694
1150
843
2670
8928
73
9666
3131
1953
1068
6825
6189
4414
3234
2955
3526
4065
1716
5441
6477
6048
6358
9524
8987
6745
824
1459
5488
4559
6544
8152
1903
5017
7926
2870
8930
3327
8195
7438
3056
5925
6015
3211
1167
5026
7895
2052
7960
7517
136
3190
5309
8641
2085
6609
6422
2728
1325
6743
1576
6328
7412
6361
4155
3984
2310
3614
8099
6956
9321
2471
1496
3722
3175
6160
6852
3469
7598
2863
7098
5053
8190
8784
3236
3301
1488
4728
4687
3409
3651
135
9839
1231
2274
3128
6715
245
9490
1038
1862
5699
6330
8899
4628
4014
4672
2493
6443
6349
9216
5019
1073
9481
5614
1887
1104
5701
768
9068
3390
4287
6235
9795
851
3745
4621
1806
1305
1797
3248
9539
7812
5527
4357
1672
9617
3724
1159
9045
7819
7400
350
120
2494
7880
1037
7554
9279
4009
7052
2153
7368
1970
6147
1927
1364
1580
3406
1909
2808
5723
8666
8650
100
733
1095
4515
9473
2526
3962
9782
4386
2624
2191
2243
6428
6710
9483
6439
8450
7183
81
4379
7641
3476
5319
4516
9143
6954
4920
7912
6026
7998
2045
181
3121
6983
3772
4099
4176
8553
3647
7907
2947
1066
1548
2800
7023
1043
845
2389
5495
9445
3207
1799
3184
1306
1866
8043
8925
6556
870
2523
5313
7462
753
3129
5144
7976
5387
7130
3757
830
1907
4206
6252
9113
1557
3108
7382
2333
2641
8889
9148
9082
5178
5481
9699
1607
8362
2901
8623
4332
3150
4502
1412
6789
2004
6224
3602
7509
2662
3771
7103
2796
1868
2100
5247
9022
6099
5327
5505
4736
8286
4399
9169
9848
3587
6410
2171
3434
8384
29
6528
8527
1221
1685
8952
5279
8156
4087
3547
6841
9021
2630
9856
4999
5483
257
168
5412
1911
2103
1819
1155
7217
6009
2314
2588
499
2632
6389
1063
7318
4169
7718
2211
2067
5070
6023
504
5341
9077
7157
4378
6228
4563
1625
9213
3853
6918
7979
7092
7057
5261
658
5088
164
7309
9359
3877
9468
737
1271
9762
3996
600
1533
6019
3934
2836
7891
2034
2010
5506
5679
894
9928
3336
4754
9569
9196
9334
6690
7471
6030
9450
11
3052
4402
9244
6403
1124
5871
963
5457
3227
7229
630
8757
2542
8601
6906
7524
2135
182
3997
1598
2736
3286
327
4851
9094
3883
676
7444
8647
5801
4875
1213
9188
5118
5326
4288
3359
7878
1433
7540
7808
8955
3658
3906
5386
8999
2993
6927
8511
4100
9461
8595
4937
6885
4075
1644
3556
3484
5307
9054
8082
869
5987
7239
8361
3987
684
1000
1379
9686
3168
2872
9508
2892
412
1007
5675
9437
4481
8796
6415
7153
2906
7621
4963
4347
3708
7297
1278
9307
1843
2604
1893
8193
1998
8873
4939
1424
8178
717
9628
4153
2436
1511
7605
9240
7114
680
4909
8555
1641
1842
9868
3715
6626
1963
3447
3709
9571
8158
3460
272
8081
8869
201
5600
540
6066
8132
8890
6762
5344
4800
1369
8036
9880
6262
9922
5834
7658
6297
2772
5669
9585
5507
2347
886
2116
8093
5643
6207
5637
3229
5625
5423
8741
8587
5414
3196
2642
7980
1078
5175
6757
1486
6350
9798
5337
3206
844
4136
7110
5289
1786
7548
3458
5362
7947
6102
6346
6739
1031
5674
4706
1611
3154
5888
1338
1980
5616
8028
7112
6171
1640
7535
1969
3386
1467
5850
5737
3113
7967
7809
9748
4466
9174
2930
4671
9501
7102
7920
336
8204
2341
8577
7909
8420
480
5982
2220
5647
5365
5167
1699
4945
3254
1004
4314
189
110
8722
55
7388
8469
1196
9596
8673
7411
6433
1494
4732
3123
7016
9895
1901
7526
9125
9176
7748
4368
8972
4557
15
6265
5676
3171
2369
5396
7307
9998
8513
5092
1219
6067
2535
666
8120
1997
3290
6331
1756
6405
3875
5798
6138
3713
3138
668
6976
1186
9439
6301
4954
3653
5796
5956
481
8059
9337
7600
2952
517
1253
3768
5889
6850
5618
18
5603
4050
3493
8032
2742
4837
9323
4340
9397
3353
945
7531
7731
7502
6862
6222
9561
2963
2496
8019
4101
4737
952
6435
5764
224
1040
7056
4004
6290
2699
5651
3633
6599
6642
4434
1106
7464
8878
6062
7995
8181
8344
3068
8070
9079
6047
63
8808
4238
3496
5030
9692
7721
2124
8985
7547
1439
5295
682
2975
1282
7575
964
6087
4467
3674
3337
4106
2473
8140
7205
5340
608
8419
288
8756
6232
359
5160
7717
5561
3579
6643
4175
9643
3192
4110
3621
1126
5964
1401
8144
4197
3779
2981
5615
6024
3618
4616
6148
7332
4252
3355
7763
4539
9875
4487
2424
7019
4316
4290
3448
6735
9425
3597
6395
2971
8888
5427
9520
2338
5972
2263
8346
8011
8412
915
162
6436
6379
3889
603
4156
1263
6808
4746
5672
3226
4895
7477
9087
3874
3187
8385
5921
2409
2853
1501
6079
2186
5117
6386
9132
1962
2168
4923
9642
171
6636
2277
3805
5280
1898
8208
2751
2235
7639
4077
6311
9190
7925
8681
5169
8921
47
4992
2329
3201
8632
6854
6746
9457
9543
2790
5131
5500
6040
8427
7097
1249
4221
2362
4524
3982
9805
5703
3933
8991
9339
7406
7846
8657
7630
949
6776
2664
9883
2939
5751
3509
4753
3809
5099
2076
8843
6168
7987
7601
3938
8146
2446
8539
1721
4674
243
83
6449
5480
3324
9435
6542
8589
9385
4161
5570
3454
7786
7289
1748
1437
9610
8837
5226
198
802
2844
7625
3428
4323
806
1110
9471
6013
2506
3574
4237
626
8621
4626
271
4372
8398
2353
7518
9350
1987
7371
5221
6691
1555
6831
2276
2087
7701
2352
6454
5574
9341
6046
514
8294
1874
5767
3478
2358
2024
4864
6031
3965
2479
2997
3074
6163
5565
5991
5183
612
317
2569
4184
2331
4651
7070
214
2828
7132
5705
9152
6430
5408
479
1291
455
2690
6671
6563
8913
8416
2889
104
1761
9871
3097
911
9491
2982
1457
6934
8094
9665
3232
5358
2400
2214
7513
9060
1894
3435
6545
4352
931
9287
6473
1803
6708
7938
9749
9063
3144
6602
2625
6059
1256
3705
4458
413
5141
8209
9243
9725
7591
2658
6718
8961
6849
6308
5683
2517
4583
4932
8263
5714
4133
2051
1585
7274
9403
8033
2328
3743
2315
2788
8514
6345
6959
4812
2969
7632
8448
4979
4766
4522
3878
6441
4607
6941
6554
7421
3910
3489
280
4076
3356
1178
3384
365
1461
7333
5021
5974
130
5522
1626
2899
1280
2290
4903
6356
7818
3480
6828
9934
1520
2943
7754
252
5024
2302
5469
4281
6135
2769
1728
6658
3834
4996
4589
2318
1593
9581
7873
9621
5286
1679
8455
1816
1005
4720
1783
3766
6005
9755
7025
7253
1246
5417
8098
2395
9609
1897
8153
4982
5143
5075
5504
6
2705
5194
6068
1872
6931
6287
8998
8172
7164
3792
9421
3550
9407
6332
5957
8151
8875
22
3756
8575
8794
839
1740
9832
3911
4888
552
6541
7508
5809
3954
9366
5462
1741
8738
2608
6095
6078
5051
7869
8290
2458
1959
4062
6964
3188
7047
8365
5666
3173
2970
5208
1270
9721
6598
8143
3239
89
4931
9552
195
1994
1536
1676
8707
985
9151
6972
9290
5611
1890
1965
6266
3636
6848
5846
2164
2785
1381
8062
1594
7943
4822
981
3332
6720
3320
8506
8273
9386
663
6938
9250
7886
7854
2781
696
8979
1452
979
1844
9008
650
5530
6096
6584
6559
5360
9597
6615
167
3423
7533
4862
5800
607
775
4951
5604
1317
8994
2917
4796
2023
3919
4068
7468
2502
6978
4462
2379
6051
1478
7952
6063
9542
5761
2264
2629
8292
6485
4094
303
5791
6661
9616
9942
7396
1398
6139
8456
416
4525
8265
4820
8971
6676
8912
1157
7039
5210
3950
8052
2768
4450
9472
2322
7129
2996
1456
6421
9887
2061
1846
2942
9349
5584
3364
9766
3021
1323
4791
3990
5753
4762
7877
813
2918
7670
8278
1978
118
5730
2536
8819
236
2179
4734
5369
2309
5011
2845
4398
5657
8937
7223
9184
4913
1279
5595
478
711
7340
7155
4676
1714
4443
9714
926
281
9763
6503
884
2799
9165
6298
9004
80
361
4430
3897
1394
4949
8145
398
8165
5215
8217
8554
1996
6357
7949
1077
9584
3399
1545
9014
5953
772
8289
8578
4241
4257
158
4624
6872
1322
7219
9604
8285
3361
3219
9894
367
5379
4598
8699
7883
1802
151
9057
7339
8498
7735
7849
4618
174
8557
2616
293
3870
3172
2132
4057
6254
5234
7700
8720
6869
937
7633
3136
901
2689
3212
6119
9449
1522
9717
4151
5783
7196
1831
95
698
924
1075
6034
4097
4548
3681
7093
5329
3132
4854
8967
1101
8801
8161
2142
138
1579
4268
2270
9032
9680
3937
8020
7683
258
3358
9982
4952
982
7027
5475
9527
1423
683
5322
3422
9513
2137
1058
5352
3763
3573
2166
6759
3472
5134
9039
2149
3903
5539
9545
4305
2368
5949
1207
4774
5162
9246
8378
7208
3375
8689
9911
7537
511
6877
7733
4906
4165
3091
5955
9005
6986
9872
5863
2719
8562
694
2195
5810
3888
4968
5201
4858
1331
7454
3296
2555
1349
2319
3285
5176
7773
2462
4428
3765
5227
9346
9121
7644
1455
9034
8417
5264
9769
2941
2903
3844
3514
6242
8025
6540
8092
4725
7240
4784
2723
4089
4924
7399
6476
2766
5059
240
3314
152
2012
8951
807
31
4320
5697
8537
7088
6823
9639
1229
6247
2028
6794
4191
6396
2252
2156
6989
627
488
637
502
2913
179
9662
6165
7489
4475
8944
7629
1243
5988
587
2056
4360
8299
6183
2891
7197
1034
9112
6365
52
5022
7850
7738
3328
4468
1487
3394
9170
4194
3673
4129
4543
3631
62
3913
5228
1977
2990
4439
4603
9237
4971
3979
2127
6344
8228
8464
8333
1650
6622
6712
103
8169
4916
917
1050
3319
2904
7796
2757
9636
9249
7082
3369
5824
1107
4512
8376
5035
3662
8349
5107
5491
8962
5477
7932
3899
4000
8359
2370
6475
2357
2043
9656
6613
3278
2830
4042
4694
657
4758
5682
4023
3753
9271
7316
8246
9713
7163
3240
1140
1115
6284
2176
6154
2499
5716
5156
5049
1899
4755
44
8531
3431
9093
7441
3583
1045
7556
4739
5356
9602
9158
6116
4878
4418
2184
9510
5823
211
7185
8482
3927
835
8820
8704
3791
5841
5042
7381
4585
6464
6402
9746
2793
5332
9137
8734
1773
738
2013
7642
2381
194
3054
5449
7894
4748
2687
3083
7732
6546
2326
1884
5110
7930
5454
7134
2296
2275
3267
4498
9127
456
6372
2058
8774
5896
3161
8504
1658
4083
1175
142
7002
729
7924
8437
1850
825
2849
6933
8316
6604
5628
6589
2622
6074
4844
2325
6781
7391
6947
8084
38
2289
7816
8253
8303
6268
1877
5822
9605
8790
9901
5036
7635
7199
369
4395
1272
649
6320
8155
1575
7986
9492
8838
1666
8057
9351
466
5087
6406
4117
6846
8231
1513
1565
2946
5353
6945
4325
2843
4276
8216
4756
8929
9952
1832
2537
2668
7743
6061
4384
5814
7704
2530
6680
7271
7074
200
3822
9496
476
6440
1922
734
1274
1508
7504
3680
1559
6944
9954
5996
4967
4173
3810
2150
3787
6035
8449
7603
5040
6829
13
8080
486
9289
7423
9388
9336
743
2373
3873
6791
6437
8711
1226
3405
7780
223
8594
1805
5734
6050
7096
9056
746
6080
2665
918
9280
8658
2605
6304
3698
8324
8708
8932
1932
1351
7720
6974
6966
2840
5681
7623
6070
7494
805
9726
916
5770
6321
4387
7433
9811
1840
5252
266
2568
4849
5623
7634
2449
215
3062
4080
1859
5521
6969
5990
8160
5370
9819
791
1197
3818
4369
5673
9660
535
9427
10
6752
5145
8494
9997
8818
1131
6418
1538
4778
8766
2266
4052
7817
2593
5978
5237
7184
8693
5125
7351
3590
400
7532
7546
8113
9951
9553
534
3070
7579
2652
6231
3797
1605
4128
2374
7523
3347
3640
5782
9384
3922
8607
3846
2697
4228
7426
8938
6958
6208
8829
5020
4178
3909
5542
5706
9379
6751
9273
2021
8759
2806
6975
1731
5297
4264
4251
5271
5768
6322
9426
9458
2508
9367
5586
1499
9478
3259
8054
2097
2564
6289
8628
5103
755
909
9109
1422
7636
9743
6471
7201
9530
8565
364
1230
7921
5494
2145
9042
4630
5238
7458
3500
5172
9946
5897
9267
2989
5109
6091
7314
8976
6531
6652
6106
2677
4657
7974
3115
3578
5571
4523
7476
5472
6300
7784
7293
6656
9780
6076
7679
1382
353
2152
7559
143
5719
6120
3839
1926
4586
9293
4214
3041
6758
893
2573
3539
9354
1421
4691
7681
7467
3801
2161
4839
5966
8131
6515
5555
3111
9018
7302
8256
8150
1537
4940
340
7824
4315
5302
9800
2415
8335
7172
1032
992
3942
2202
3802
7457
5831
4390
8778
7963
60
140
6797
3744
4574
4653
3610
7999
1208
1326
8319
9171
8902
314
278
3828
2509
6455
3536
6216
4848
9703
6466
483
2611
2956
1881
6538
178
2907
4889
8227
5355
4193
1694
7241
3859
6993
4769
4771
5726
1561
7602
5240
542
7768
5119
4804
1653
8196
8691
5999
312
1695
6214
5311
3812
2428
589
7798
4735
9144
9816
3391
5097
4310
8475
9620
6547
4480
7875
7507
1974
2833
9712
3735
2163
4453
7934
8200
8347
7804
9790
5098
9195
1755
7682
3593
1215
3474
8104
2635
8434
2596
9814
2649
9947
8523
8570
1767
9736
3726
3256
776
1981
5374
9655
8772
5187
6037
709
1435
176
3695
6596
1017
7466
5702
808
7417
585
9224
3228
9319
7762
3117
7195
5274
3634
3134
2375
4248
7230
633
556
3803
2339
1172
4648
6564
3284
8109
5216
6952
1696
6293
1336
1386
2985
659
5720
6243
2112
3815
7361
5405
8753
2696
765
7584
2618
5983
1947
7053
6496
132
7198
6985
1691
8235
4969
7646
1723
9231
9797
2138
6607
1135
1392
3281
8969
5906
3720
1492
9001
7647
6827
7150
5840
9724
6381
3729
7445
5710
8223
1238
2815
8067
2407
6585
2927
2887
8633
8074
3838
1771
3980
4048
9619
3908
3488
5320
1628
7882
700
9038
2
7393
2591
8984
2372
9555
1664
8521
4922
3092
3538
352
1589
555
1443
4813
1657
1233
6698
861
7099
3003
2825
3898
3095
1827
6750
9191
947
4182
7712
6856
5093
5892
1410
9630
6669
3367
3292
1025
5438
7335
53
7452
667
2973
5729
2803
1789
1777
5034
4377
2136
2417
551
4855
9715
9889
2298
7469
9059
539
2201
1153
4879
1725
3935
2198
9727
6045
2427
1327
2228
8192
5558
7243
1631
3393
6098
4071
3177
3685
5835
7377
1121
3231
4781
9215
8085
7782
1697
5776
3470
3615
9311
5733
8508
2928
2581
34
7862
8683
6586
4723
5484
8783
3565
9682
3830
9587
2661
874
9774
5968
9891
9668
8495
6253
8771
295
697
3475
8582
7770
8945
4254
9756
5287
4209
4637
1813
386
3225
599
6371
1247
8332
7865
8441
6487
5372
2519
1057
6610
889
6391
1915
9333
693
8110
4267
7425
1983
3051
9903
8163
3549
2948
7021
6886
5157
4579
8516
1426
8567
5033
3823
9828
4507
8428
8357
7501
6084
4012
1670
3002
2210
3682
4882
8368
8655
8064
1601
7323
9219
1399
4729
5100
7422
2674
3835
8716
2019
35
7530
4277
2893
6153
6628
4680
1171
9654
5321
4459
6700
4164
4130
6612
5392
9640
3174
7402
8348
1346
5366
9690
6692
706
1020
4131
1764
3734
8576
1293
219
4361
7265
1704
6806
1302
2311
4297
7415
6988
2343
5960
2146
2088
8520
6110
8667
5556
7866
170
518
9440
736
3280
2852
4226
3053
3628
1798
7821
6755
1372
8276
9541
3127
1170
860
1474
8274
3210
6771
2854
7257
9009
329
4790
9194
9260
570
1507
6205
2217
1345
3736
1928
3758
2979
5580
9978
5150
8358
508
5232
1720
2411
7036
7126
4678
611
5963
1024
5784
6125
9826
7040
840
8651
7118
8732
6550
9677
4096
8471
5054
8001
1201
8684
4313
3400
783
3700
4974
4521
798
3264
9517
5409
3876
1146
6677
8989
1160
1027
2898
3456
8476
7573
2188
5004
3410
8224
5740
9371
5709
6179
5606
9149
5630
2739
7620
3058
1127
9466
4877
2813
8142
6809
2349
6204
5381
9013
5028
9035
4286
5140
249
4217
9579
2125
9180
2441
1205
2120
5961
9606
9918
6651
5200
2809
2518
9295
9992
8538
1904
6360
8853
7120
8551
4074
1711
2377
3178
7589
9320
3467
7655
2074
545
2323
778
2020
7078
3788
6186
9622
3199
8963
6083
5015
5759
9824
6082
8616
2549
1500
3623
2337
8922
1475
9919
3157
5944
5211
5612
5553
5393
3817
6685
9767
1648
9955
8968
9765
4980
3512
3679
9049
7649
4561
3624
5285
7357
6458
7331
4167
9233
983
1137
5766
5231
789
191
1209
7771
2246
2109
5678
4423
8097
1671
2049
643
582
2814
5552
4346
3693
1235
6653
9879
1099
8026
4154
7176
1234
4914
8870
7160
3354
9432
1804
9499
8638
9061
3774
9716
1341
8943
330
610
8174
8692
5514
5532
7395
1
4470
7688
4359
6448
7981
7608
6241
9523
2193
1384
1373
3109
4081
6532
3529
9285
8752
3283
2646
4842
3977
5634
84
3985
4054
8148
5113
3395
6955
6814
3761
3786
6157
4526
2104
1019
595
3804
3694
8917
8760
5450
7359
5212
9791
3582
6175
5942
8824
4420
1729
338
342
4565
5882
9256
4207
9487
5742
9810
235
5251
7122
2770
7161
4259
4580
4990
7991
6838
5619
4333
2842
6701
8903
4731
8739
4216
9066
2821
5752
8421
6567
6753
1957
5499
2655
9130
2510
8497
636
5489
2811
3035
2777
7951
5787
7628
9695
4532
7848
5166
623
8997
9869
9006
9412
1526
1661
2093
5911
537
6871
1015
2951
2586
5116
50
742
925
4613
5421
6251
5998
4486
3742
6551
8924
655
8714
902
670
1342
2227
165
6714
1018
8664
4092
7296
4793
9277
2232
2958
5464
2950
8502
7288
3533
4380
3568
4196
921
3268
7609
4780
5732
7232
9283
310
4870
9418
319
5852
9485
5715
5377
5786
5573
2260
1733
2602
76
7007
9927
5886
2316
577
1199
1039
4817
9134
6674
1154
3667
4978
3373
3311
9840
4899
1297
2897
4536
5189
827
7127
5239
6170
891
8124
7893
855
4460
9441
8480
113
5621
4500
5924
4900
301
4595
3218
6533
1098
78
4413
973
8386
54
3181
4270
9455
5959
828
3398
2572
6299
147
6761
7488
4391
1910
1632
3040
6826
5474
6526
2259
1891
501
563
1908
2841
4517
7650
4295
7148
7177
9090
2139
1643
2671
6660
9855
7154
1409
5258
9326
2402
9452
927
2890
598
226
8215
1350
6383
877
6442
287
2538
6056
9953
5939
3385
8184
730
803
5399
9913
4263
6910
8765
6362
2084
2007
1709
1130
8489
8637
6399
9272
8849
4568
8101
4638
3411
210
6519
8781
5207
5325
1332
7541
7710
5567
9096
6021
3023
578
8715
5061
436
8009
4907
7029
1087
6863
5992
8654
5617
9771
445
9657
4317
6199
320
289
4218
4301
1870
9117
2711
1139
3277
1309
6103
6502
9641
1471
4084
6176
8798
1035
8086
2167
9164
1470
4138
8183
5501
7107
3105
9254
8189
4881
6778
7031
7661
8147
1785
7213
2919
1814
2466
3241
5455
5468
864
3179
8507
4400
8882
8313
8267
9139
141
2308
6384
8758
4590
6637
3569
1348
6724
2492
192
9448
5781
8281
3687
7338
7860
2412
8584
1655
7570
1259
9589
5590
3421
8619
9822
8822
5708
127
8725
1688
2868
2597
5905
2453
651
3081
2691
1686
3122
159
6588
5541
435
3599
7868
8330
6255
5848
3203
6864
9460
2403
9935
4513
955
61
5635
9607
3346
393
3949
7394
9010
7545
3426
7499
3831
9409
5815
1702
9031
2968
8410
4445
1858
6991
184
8248
8659
9759
3001
5038
4770
8364
9278
9430
9924
8566
526
8089
4070
5155
4701
3992
1774
5569
8645
4902
8424
8474
4601
8583
1665
1359
2797
1824
1749
1527
7753
7175
9356
9299
4531
5331
446
4223
3975
274
7247
59
7075
3176
8260
3155
7997
5424
3776
8615
6912
8413
6769
8472
2383
3560
6786
8401
3107
2475
9809
2255
7521
5067
3691
1469
9850
3152
1541
6616
7802
4850
9679
6773
9415
5304
878
3905
4409
7045
8154
6327
970
5338
4779
1551
1961
8743
4958
1368
6152
8773
4896
639
1943
777
1985
6470
7904
8226
6994
6632
7588
9671
4838
8478
8305
9573
6305
6278
6908
8191
4566
2623
3946
796
5002
9288
6085
4950
9026
9574
669
7572
5913
2355
699
8302
265
7145
262
1363
9735
606
8988
8799
1310
2429
9469
8660
8604
7828
7637
7374
5079
6150
5566
553
3872
7838
3360
3754
5255
5298
771
6997
1706
4518
5180
6763
2000
471
2922
9417
1405
1319
2108
2932
6520
568
5323
5994
7079
8484
7807
6509
4904
3437
9123
6921
9488
42
5608
5471
739
9950
9378
5524
859
5664
9251
1468
4724
9041
5979
5648
6687
6666
2304
3894
4622
2233
4115
2753
3986
9372
282
8855
1361
8596
2110
2715
5828
6583
1298
4485
5124
2262
1535
5132
6497
977
9242
5591
4266
3616
7348
6489
2069
8442
2062
1434
8597
9772
9248
728
3521
7571
4504
5382
2669
8065
7214
6699
9052
8865
3379
2807
391
5190
4957
4211
3402
3066
1788
9454
4444
7699
7560
2717
3490
4857
3243
6740
9567
5375
6819
1667
6833
5403
9019
3793
2962
2613
1931
5281
7702
2360
5347
5315
3575
7049
3270
856
1539
5236
9198
6338
5029
9002
769
6366
1923
8606
1948
5937
2935
4345
4814
3669
7795
370
8543
5851
6682
7956
8125
244
5105
373
9915
1143
6368
2905
1420
1431
2636
4845
6431
4747
7959
1303
2991
9147
4120
7730
4503
1294
2450
8574
3031
3781
5179
1517
1176
408
1281
3639
7298
3826
8530
8328
4157
2858
1988
2406
8830
5371
3879
6146
7449
4025
8288
8540
2784
9844
7017
2791
432
3378
2726
4300
8320
7295
7427
850
1880
7887
5401
4067
7115
397
2223
5817
8282
1514
6166
93
2585
3585
9292
6557
5562
9150
8706
7737
7034
475
4815
9723
3561
7652
3090
3544
609
4591
7797
9859
3798
7341
7777
5738
950
206
773
6998
7055
9691
8213
5003
6377
7334
5161
8525
1849
7811
2382
7643
4078
7073
2720
9218
1622
1823
3865
3125
3926
3063
1917
2366
2452
9239
3995
5819
3643
5177
3293
2896
8590
2988
9104
6897
9106
8702
8301
1851
6867
7450
7619
5860
9858
6836
2249
1335
5342
2562
7061
3961
2134
6474
7290
4366
7696
1064
7043
1693
2829
9131
1751
6882
8713
9263
8787
5294
8907
2567
9498
6726
6273
9768
5390
933
3963
7835
9547
1210
106
4440
8088
3149
910
7759
1362
8010
4403
4411
5592
5486
9787
1006
8306
442
5512
4119
7803
7503
9718
4933
4865
9958
662
9000
719
7165
8942
1708
5551
2380
2936
8243
145
4818
2284
7463
989
3849
9676
5936
6380
213
1968
8797
8618
1705
795
9741
3427
8895
12
495
5695
3147
994
8724
6250
277
8568
809
7996
6590
2131
5265
7775
3747
9991
6499
9962
7707
5875
1232
3657
3497
4179
9706
6577
6673
4147
2470
331
6579
5204
8916
98
9562
6271
5112
8182
9592
9878
6647
1198
2258
8236
770
4148
3273
7596
4246
5005
1801
1521
7266
2727
4461
1417
4393
2305
834
4911
6340
5741
5009
2819
25
2877
7993
5276
9514
2755
5930
2850
8297
590
3445
8103
7611
7790
8782
6549
2197
4309
5598
6100
5903
7989
9967
2080
4751
3309
8844
6935
6639
4634
7387
489
284
7168
7906
9821
5976
7785
8021
1979
8775
4564
1933
3545
4684
4555
7311
5394
384
4519
4670
7087
6127
758
6630
9653
5613
7610
3119
557
8336
5689
3017
4401
8635
2351
2044
3014
6672
6343
4429
5385
1582
9777
3684
4195
7063
406
723
9186
3974
6335
6949
1295
1129
4795
9482
7657
4452
2440
5747
1123
9100
530
6913
5493
1765
9808
8268
5032
7136
5229
8241
1572
4984
7336
4761
7583
6275
1924
1180
9193
4449
6716
4139
604
9580
8737
9663
4137
5578
8271
6774
6953
426
6133
2079
2294
7624
929
1975
1053
1404
3930
3868
8060
166
3945
4244
3562
9549
9069
4483
7131
6679
3057
2107
1642
376
4975
9160
523
6141
1446
3925
8254
7086
1504
8039
2861
1597
119
7094
2064
7282
3452
5629
9957
4511
5243
7012
7146
3451
7746
5186
4934
58
7687
1833
1241
7843
3966
137
9528
8499
3366
9698
7225
1503
4606
7671
3916
3033
4641
75
7364
2392
6525
3049
8377
6582
1769
4289
9593
5303
2682
7779
5842
2340
4843
1141
4852
326
1973
1852
4185
4258
6261
5139
4600
9892
6149
1454
6230
3357
9503
1014
1919
3808
5576
7414
2204
6903
371
3265
5523
7872
5277
8831
3728
9701
7181
1944
2643
5769
6376
5820
8360
8670
9843
3034
9222
8345
8453
1639
7852
9028
156
6329
2469
1090
2933
6965
4146
2953
5893
3896
1393
6756
673
3952
447
8688
1134
7407
6414
9981
3656
575
8078
3371
3288
9291
6981
5222
6244
5652
5836
4655
3546
2484
9974
732
7506
9515
8107
339
2571
804
6198
6932
190
5170
4733
5853
1122
6798
4609
4847
2491
7594
4846
1258
7724
5582
8763
157
5149
7794
6725
4307
9146
4331
9564
4396
8501
7385
7117
5909
5407
5361
6815
9411
467
6388
3795
6909
9078
9206
722
7972
2367
7962
5391
3751
8564
2226
3780
6765
4801
6270
702
4056
2865
4063
6264
8179
4529
8034
9873
9990
5866
3485
5901
4243
7178
7291
6727
4652
4069
7319
3158
9890
8375
3855
2394
7004
6553
8027
9071
8149
7137
6793
208
2501
720
2617
2397
6072
5894
5649
9525
6010
1428
4929
9799
6192
1103
1151
4126
7401
497
8007
2082
1413
1939
1301
1315
4212
8391
8884
1152
3257
3018
2556
5687
6706
7349
5602
7303
882
474
5680
1838
4665
4650
628
7283
8934
9370
1223
7756
6233
5821
385
6888
5203
4172
186
3048
2746
3718
2155
7740
9391
3880
7416
852
6318
2837
823
6486
8996
3487
3215
3
2029
2295
4619
2457
8911
3638
8002
3864
6764
5083
9788
7908
7656
922
2994
2718
4667
7698
5659
7447
4623
4832
959
4222
6002
9956
8210
8321
4686
4469
4640
188
8876
3764
1547
1224
9479
2053
8374
5962
9227
4893
5129
9837
3244
6566
5130
6122
3124
9484
2094
9964
679
9976
5869
4437
2590
4202
8176
7774
6620
4337
6929
9162
5536
3710
8272
4823
1358
951
3291
7874
9612
9907
2006
4883
9820
8433
8202
1397
7095
4205
2961
8802
3260
1447
9649
9945
3518
307
5
6151
710
196
506
6424
8694
9023
5958
2675
1010
8858
1531
1703
9189
79
302
6053
4912
522
4383
1190
8908
6493
7505
492
1854
9731
8803
2431
1982
5064
8762
1430
6730
6818
8871
6569
4642
2787
6363
6738
9316
5473
2365
8422
9238
8380
7516
5456
9400
4547
2700
8579
4866
3080
2055
4811
3541
7105
5864
1512
5014
4365
1339
5333
6461
548
2775
9303
4291
453
1663
6664
8679
2174
4928
544
9817
4826
2823
5933
4905
4273
1055
7193
4152
8622
5114
1578
6754
1242
5498
7064
4859
2237
4636
5461
4988
7059
980
4535
2301
2078
8126
837
7897
6317
4553
8199
8493
3537
1573
8836
4700
2513
6518
9495
6760
2507
672
6212
9618
8620
7066
2221
6341
629
3088
1463
1125
183
9306
4707
9575
2653
2222
6131
4551
9864
2986
5919
8832
9187
9357
7028
1179
1049
531
507
4785
7276
9463
533
7169
2522
444
7781
3689
5148
3089
1343
8206
5245
420
5290
7876
8893
2879
4727
4597
7519
6916
2683
1920
4363
1560
409
8013
5938
344
1656
1617
8672
6693
9705
4465
2603
7244
498
7191
374
9576
199
8459
9667
2707
6552
2583
7194
3250
1202
6316
4170
3213
2230
4203
5663
4370
9438
6946
5945
4965
4919
3462
5596
6342
3862
5812
4860
9252
1462
7820
9532
6203
6834
48
8573
9115
8339
635
4283
4229
5943
3820
1337
6804
8329
4296
3703
6801
7337
86
5224
9664
9124
2937
721
7222
5048
3160
311
4697
9557
4233
204
1781
3620
4765
6648
1036
6883
4776
1355
2712
2016
8373
7613
6400
7050
5985
7100
7260
4777
8363
7262
8700
3169
7538
2089
8740
5829
4867
1549
7451
4787
7119
8795
4079
6694
2745
2925
8425
9083
496
7085
5487
2030
1227
6303
1863
5884
853
671
8383
5788
6073
8864
6364
4775
8310
7418
296
5312
7695
7263
2018
263
7354
2401
5411
3968
7491
928
9200
9704
5891
4143
180
8981
9651
3988
3506
4831
763
4587
7281
1553
7563
3885
6352
428
5458
3483
2159
7902
6309
3368
437
1023
7461
4892
354
4322
3571
2215
996
1217
5537
9226
6123
8593
1387
1094
5525
1353
1054
2330
7483
2685
6783
8128
8841
9572
2423
1003
8139
5547
6641
5431
1837
8460
9776
72
7832
5006
3785
5275
3558
3688
7472
4611
9793
2964
9436
9750
5152
5217
1062
3629
4894
3019
7606
8452
741
7510
1261
5046
1757
1033
7162
2320
4253
1354
665
3224
7300
4596
7612
1391
1570
8805
8536
8710
7859
2477
4789
5554
1465
5367
2063
3450
6905
9786
3813
1402
1142
375
8815
7121
4656
6011
7500
5460
9173
9080
395
7420
8338
2543
7985
4794
9937
71
2247
5429
9507
3907
6876
4709
6495
5825
581
900
3306
8168
7515
6539
8317
1472
5559
2194
7310
7678
5218
3775
9197
7473
4005
7428
5973
7173
2647
9141
9262
3665
6861
4816
4901
847
9033
2794
4948
2037
9037
3404
7
1314
2679
8257
1878
7994
1950
7975
9838
3554
2566
4030
6942
4966
2190
3540
7931
449
7209
5607
4044
8556
9754
6925
3811
8238
1571
2203
4029
2871
5856
8166
4334
150
7372
9181
3317
2713
5384
9965
6375
3443
594
3009
2967
3104
7328
3321
6478
846
6775
9594
9870
1608
9613
9444
4985
3417
7446
1510
6881
2386
9212
7277
3904
2175
1072
414
9159
7917
4121
987
2065
1889
4873
1250
5935
9007
6137
39
2414
7978
6847
5922
8379
1800
4570
8960
4242
5023
6900
1742
1675
6937
2540
105
4051
934
3312
7128
4417
8954
5052
868
9624
689
5927
239
3289
2714
2650
9939
1930
5727
2839
5793
4010
3333
1262
7836
8003
3323
8769
7578
8409
4476
1630
5115
5339
1385
6521
8859
5181
4034
9658
1287
7911
7752
3531
7256
6000
7355
546
4505
7206
2086
3377
7806
8898
3464
1752
9474
6279
8308
3102
2239
6398
6374
6401
9733
6206
1681
8439
9779
3530
6990
2205
4344
6722
4584
703
4935
9433
248
9659
33
2066
688
3299
1100
5508
4308
8786
115
3714
5086
390
7365
1724
9382
4328
1763
857
2771
8356
1956
8466
421
9344
1396
5928
3315
5877
2350
1286
3146
5688
3594
2083
8940
2888
4144
482
2385
3055
7487
6707
9429
7697
978
3519
4292
7358
9352
3955
5528
8077
7543
4915
3948
2073
9764
9696
5065
3209
5292
5045
6472
5434
5452
558
2660
2410
8393
7815
9669
460
9611
8342
418
8250
3750
7690
4232
4441
7287
2106
9987
6799
7755
3027
5724
8923
2390
6348
308
7188
8946
2273
256
873
4431
7174
6995
9829
4540
9075
9781
5658
3455
1425
8598
3436
1946
8353
6373
2196
4806
4204
9298
6180
692
8177
8973
6711
8980
3010
7769
7890
7484
8592
705
2185
27
4125
2292
7187
1818
5328
6565
7200
7845
2960
961
7041
1237
2684
2482
4575
6220
8479
9185
285
6889
3220
4760
1318
8662
2433
3978
7564
1482
9905
2511
5230
4064
255
8066
2747
5969
554
1448
1599
7495
8885
8405
4327
276
3440
3419
3162
521
5986
2240
8549
9818
8712
3352
6736
4304
7727
9683
8075
372
8171
2054
1275
9900
5811
4419
5153
6901
5418
4991
4841
4134
831
862
4938
7106
4494
7918
9420
816
5074
2912
9030
3738
1240
6681
993
9047
2818
9129
1163
2504
7273
3861
383
6907
3513
9368
6114
3527
7581
7264
3893
4617
20
6229
8975
7409
4269
7945
8608
349
7742
232
2271
9687
8414
1048
9925
6624
5343
154
1815
411
2547
2709
8736
6811
268
9476
6880
4768
7767
1525
2974
4192
1102
1542
2236
7322
9851
9241
3166
8173
5102
5039
3082
5818
3340
1427
3854
77
8400
5253
3182
6879
9815
4675
4140
8006
6737
620
6587
2681
6634
9554
1255
4002
6324
5744
8083
7923
3307
7478
9136
9253
890
5589
3630
7800
6904
8035
2883
564
322
96
7362
1441
5700
2911
2744
5941
744
4039
5867
429
1222
469
8742
9317
7227
3969
3479
6326
9899
7497
2644
6621
9526
131
5357
1853
2706
4658
4224
6777
8627
74
1289
4666
5066
9926
1726
5544
4490
5250
3884
5873
2035
966
4738
3670
4629
5283
3981
1173
2324
3414
8561
325
1458
4162
9993
954
6529
9465
2557
6581
750
1132
3848
6963
3841
355
2297
2972
7033
6840
3495
2129
2206
8076
5104
5545
4293
2072
4160
5080
8701
2978
7899
9904
6721
9720
8914
9089
888
1192
2391
2514
9204
9896
6688
6704
8877
9633
3223
8279
1592
2495
9402
6446
1480
9205
3924
7022
4721
5196
6313
5832
923
5597
9623
3335
2165
6333
5198
5513
8517
596
4109
2743
4635
1245
3403
9519
7881
3507
9413
4510
8351
9846
9730
716
5345
403
4018
6979
4424
5756
8187
461
1390
6894
3869
8431
1698
5282
144
5062
4477
9178
5108
754
4872
2251
2212
3453
1558
2631
9305
9074
1530
4767
177
7015
9842
7482
8649
5090
3156
6429
21
2420
3099
6573
9428
2025
9804
997
6086
4856
8986
6631
4763
1071
5013
9614
1117
6733
2071
7668
1419
647
8535
6484
5671
117
6860
876
4608
747
3249
4098
1940
5270
5395
7694
4035
1921
221
5772
8423
4509
3782
7988
3612
7664
1518
7139
9522
2558
2068
787
9036
5698
2657
9266
1416
3723
6561
8458
3011
3516
4976
7715
9395
541
1093
6568
4549
9247
3077
9635
2268
6463
8280
8127
1352
4103
3625
4688
3783
8806
7167
5804
8221
8443
2866
8919
2334
2070
8545
8207
9834
462
906
4752
4435
9245
8532
9098
8230
6629
6417
605
1311
8767
3238
5136
5789
5989
2405
5368
6571
2454
8892
8894
1964
2676
5920
3298
8461
5503
572
940
4040
8042
3032
8175
3947
8050
4177
7308
8910
8296
5235
4061
7270
8354
990
6855
6187
7042
197
40
9107
3971
8768
3857
1609
4326
9128
6678
4426
3626
275
4830
2448
1712
7618
7261
318
1864
5632
2534
6447
7342
3833
7892
5151
1491
1701
8270
3252
9142
8680
2438
8000
7133
3330
5133
3944
756
9416
5096
7864
6805
3481
1016
7964
865
9979
306
2119
2172
4247
234
7249
9027
4962
7124
107
218
9570
8488
2278
3711
5692
4302
1484
7674
2490
8312
7539
9310
5448
6272
5797
5120
438
3457
7520
9322
7867
8245
1502
4354
6036
8432
1268
4722
1116
1516
7971
5057
123
3993
6482
3204
3777
1277
1174
6108
6124
8958
9044
260
1918
9223
2752
207
6957
6227
5813
32
153
297
6785
3396
8024
381
4112
5601
5008
1218
7961
3675
2599
5095
6506
8931
5101
2816
960
7736
8225
9999
8813
8653
57
202
423
516
3716
9881
4578
6858
2633
8341
7190
2894
9923
1515
3139
3601
1986
2095
5807
242
2014
1839
8840
4576
8473
101
343
6392
6209
9269
1621
4032
3983
161
2869
8005
1074
3494
9329
9016
9201
9276
6548
6576
1267
5257
8232
1216
6292
4135
4335
1307
8964
6042
4318
6285
9091
9084
715
8723
509
5668
5426
17
8812
7879
1044
2741
6323
968
833
3392
9615
8137
7284
222
1588
1610
858
4016
2356
9634
9784
2767
9364
2848
7392
4446
4086
5583
1905
6104
5995
8671
3214
2238
7675
5931
7210
3015
2610
1735
2421
4745
7680
8462
1444
2481
3851
2656
829
2553
6257
7279
6659
7170
2011
1264
6456
283
5749
9511
6134
724
2780
7977
9652
2626
8244
8785
9988
2900
8114
1059
9422
957
300
941
4190
4186
7577
1604
9688
3441
9330
8678
4060
6129
591
8599
8761
7189
3276
3704
9752
584
3881
4699
8451
9969
9745
953
379
6820
388
8868
8138
2077
1790
8135
5640
2128
6619
1871
3140
3159
1913
5317
7529
904
4552
389
1719
5690
217
8249
4798
3543
3037
7514
6510
1945
5284
2118
6408
1847
6951
9210
9133
7123
3338
5950
7403
3655
4113
2459
6684
4342
4385
8847
4463
8307
3028
9462
8136
819
85
9255
1185
2938
7456
8978
559
5885
4715
5660
4829
4149
3151
8102
3821
3866
9670
1164
1493
7386
4644
6113
4280
8490
2111
457
1276
718
4038
4003
5242
1822
9327
7010
1266
1366
920
9055
3953
2218
9968
4809
3302
8106
5168
8729
740
4545
2399
1011
9257
7551
3471
9708
2920
5383
7192
2620
5686
6319
5069
685
8809
5587
7549
2261
1972
2875
2257
417
473
2283
2180
1857
5163
6481
1119
1432
8100
5442
3564
5865
5728
2645
7224
8581
3193
7345
2359
8518
1747
8640
4108
9424
9538
3964
9586
64
1181
5195
1960
4669
5803
94
7267
6022
1460
1841
4972
2521
9353
8862
2467
1770
5191
8733
90
8823
3198
8483
9389
8180
1225
536
2722
793
9959
2480
7566
6312
8861
8834
6748
9408
8293
1523
8233
273
1285
6705
8392
4220
6029
9304
5713
491
1629
8164
7638
2114
9480
8569
128
1158
4488
1574
6923
3242
9831
2342
6723
7024
2847
1873
2651
6225
490
6766
5760
1445
6623
9099
430
8073
9876
8816
3459
7834
6174
571
6219
8309
9442
6260
8933
9849
7091
5880
7344
2148
3065
9802
2419
5316
708
1200
2388
1674
464
2151
7352
9986
8394
1466
2802
4382
2789
9778
7485
9789
6351
7431
8751
9734
1614
9286
4861
410
9709
8648
4961
8572
9729
7390
7186
3882
7237
3928
8524
9443
7582
8323
7968
4649
681
5459
1736
6397
2867
2756
7413
4871
1638
6378
3216
7772
6980
487
7443
7676
9387
7203
5717
7204
8040
875
6226
6928
2027
1312
51
7916
2487
2015
7716
3365
1916
8112
3348
1825
6269
8503
8825
2253
9885
431
1195
8454
2959
1265
2234
8372
9975
8444
6302
903
6796
4562
3247
9095
2592
4311
3148
443
9374
4740
291
5334
5084
5308
6112
4142
8418
4876
5060
8355
2451
2293
6407
8610
6891
2313
1999
4506
562
2533
3318
1374
3767
2609
8807
6334
3646
4743
1569
1989
8817
4560
1453
2940
9214
5581
1577
7749
7048
3666
2026
3635
908
731
6605
1220
8897
9050
880
2187
1776
3287
4604
6310
525
7889
1808
2199
3424
8990
1636
7397
14
9157
7051
4998
4868
4660
8512
7761
9960
2735
4677
7607
8533
1687
7330
7542
5540
2059
335
5883
792
8726
264
7144
3567
7713
1600
7005
5184
9264
1753
2503
4072
7840
5425
8004
6555
6039
1562
3408
1991
9309
7714
424
3100
1085
9202
290
4588
6246
5041
7320
7659
9598
3686
3342
4181
247
65
5515
2387
958
4046
7778
4303
3295
3837
1734
8133
5725
3030
547
8258
1596
9111
99
8402
4987
6842
2795
2048
801
1204
6558
7379
1865
7125
16
1568
5833
7837
644
3482
3269
9898
695
9783
7369
9003
780
5502
6915
1856
2924
3943
5137
9406
1906
2224
7662
7825
6001
3525
9825
812
872
800
246
1313
9661
5063
1902
3517
7419
4981
377
8883
1743
8860
1320
3769
1550
8686
7568
357
1356
820
8974
3600
4673
5662
4374
7151
5975
2774
8728
5773
5199
1737
8315
108
8748
6185
7844
5677
5910
5349
9135
1810
4742
1750
3607
5000
784
4095
6450
9315
5790
881
3939
4066
175
419
3020
4312
3449
5638
3535
7550
7072
3246
6968
5780
8426
2638
3200
5993
392
7903
8141
3958
6492
2376
8430
942
23
4454
3891
9380
6595
5058
8644
2426
2600
5693
4033
6359
8198
6713
4719
9477
2881
1937
3816
6460
4104
4741
4730
124
5934
1624
5346
1778
586
230
2779
3957
9236
3202
4348
8486
9410
883
5490
5534
1411
2425
9559
7685
7065
4356
4058
7442
9719
5779
2041
735
2346
3505
7561
5214
597
5881
7616
3381
4045
5588
1835
4019
6617
8105
9076
1406
7496
1603
7037
1498
9632
9845
524
6353
7436
4955
3045
1540
309
238
3334
7408
6184
2371
9909
4869
6807
7939
8220
193
5636
1290
2873
5305
6491
1635
1051
3970
229
3931
8287
2122
3064
5718
9835
24
6853
1796
8012
7254
8087
494
7597
503
2874
8770
4371
2998
8643
3263
1668
3577
1739
842
6411
7691
8629
4664
6971
6795
8370
3075
3349
8904
4910
8259
3730
1623
1883
5012
1257
7356
477
402
6839
9108
9318
2101
5147
1476
6194
6479
6572
3991
5887
3609
4714
2280
6256
1009
5171
7599
2634
9414
9625
8674
7286
2447
9102
6483
9853
7142
6535
203
7038
3592
3135
8956
468
7470
9294
4946
3180
2550
3649
5404
5497
3552
1483
2654
4683
5775
9340
4508
5916
6238
936
6339
8983
4015
4351
4298
8111
401
6259
8399
4020
7522
6432
2430
6314
7622
7666
2734
6734
5126
4690
3086
3415
4159
6325
5273
7325
7315
4107
2288
1680
6810
7783
3932
9583
4199
286
8331
8779
7275
9118
3191
2091
5908
4250
8440
231
5044
8218
3491
519
3397
7410
5089
8852
4329
3683
5624
2408
2515
6939
5665
4897
5262
5967
4111
593
6892
5900
9940
6089
4659
6382
9684
781
6200
2724
452
7660
2606
4921
9544
3843
5436
8602
2002
2098
9103
9470
887
1128
9475
7760
2545
9509
532
7221
1869
2934
767
396
8016
8548
3836
6866
4592
4783
8636
3235
8857
2364
4663
3073
2949
1026
8717
227
9739
3661
7810
7370
8677
9381
1646
3046
1442
757
4995
2916
6044
9166
1566
4891
5915
4236
2040
9578
7304
1651
2659
45
8481
3382
8957
4408
5795
1730
7312
5485
4180
5644
5609
1715
5533
9565
2673
9217
4028
9882
6580
8605
1992
7212
9980
3668
8116
4122
9548
9029
2335
3637
5845
4234
4927
3770
1283
9232
9331
2976
0
3442
986
5018
5146
654
4306
919
4021
9863
3036
5849
6772
3760
7604
2695
6574
2005
3439
2272
914
5001
3502
6008
7725
9493
6263
2680
638
126
8326
3619
9423
7831
2921
6899
7558
427
2552
1595
259
8406
440
8887
2846
4757
2032
2834
316
269
1479
9917
678
5745
3832
7663
885
9506
3013
6215
172
6731
4358
4141
3648
1300
9140
362
4941
4647
2546
5517
2123
9785
8731
2306
6686
9600
4693
2639
725
2708
841
3331
9401
967
5293
9459
6843
5496
6992
6416
3222
691
5397
7242
3412
279
6445
9393
1367
1429
751
1251
1848
9827
5799
3060
9053
9546
7553
2995
3617
8157
788
3921
4717
8906
9383
2983
4093
8863
9521
9681
6943
6425
1191
3664
2378
8886
6635
7933
5560
9235
2157
7791
2835
9518
7801
9110
3183
6505
6821
358
5847
7343
4036
3790
976
9163
6291
1111
701
1744
1080
5043
4412
8408
3407
4682
8696
2474
5260
4389
7822
9650
9502
4349
4163
573
565
8846
6719
1886
8970
8277
422
6792
7648
2344
3733
7833
3262
7788
3902
5476
9744
4710
9343
9516
9338
2544
9138
1544
7060
7839
6145
8159
4341
8631
561
5579
9182
2527
7692
8612
129
9757
6054
3603
4918
6006
3370
2231
1120
6640
8755
1389
9534
382
2980
5684
1784
2046
9396
7813
3749
5777
1807
4692
7982
5068
8656
8049
7856
9577
9284
9877
3941
8552
8918
5735
2987
225
3025
2336
9065
9866
7855
7378
7552
592
441
1762
9884
1028
4534
9365
9801
3532
2702
8625
7475
2057
5550
112
1768
9220
4493
7236
173
7360
7434
3794
713
674
550
9560
1941
2944
2710
3840
6093
9453
4011
8121
3350
6657
5827
3245
5599
9362
8744
3725
5354
2245
5774
8754
315
3912
6336
9860
8327
2915
6033
4284
7528
9803
8239
7723
6055
500
4744
3973
5633
8776
3806
3233
2810
8880
5765
871
5661
3103
3078
3740
5914
3773
49
7751
3860
653
1069
9302
9921
8266
3572
3133
9836
3466
1934
4255
3755
3604
5520
305
2250
67
7741
2181
3071
2798
3163
6071
2926
3376
6195
566
8909
8048
9122
1149
7965
5711
9296
5826
7158
7595
2528
4407
2965
6494
6614
5739
1089
6982
404
8247
6467
3325
5907
2750
6387
4479
91
4610
8403
5223
434
2039
1214
3887
7765
8665
866
1775
3339
4581
8800
9830
3863
3261
3586
6218
9168
7231
1254
7919
451
3644
6511
9199
9674
121
4183
849
1088
9933
1830
7077
4703
2384
6115
3039
8856
7885
9983
4037
8519
5762
7669
1529
2393
7062
6057
3692
7827
4299
3622
5081
7928
9360
2096
7640
1357
5428
4127
4530
6469
6069
8079
1634
7922
2461
5568
2177
3605
4930
4705
7527
7805
7847
1112
8950
4632
8037
4602
2895
5056
1534
1892
2512
4158
2404
2886
4373
2884
832
484
8447
2160
1506
8948
7435
7398
9301
7429
836
4712
3137
7327
1615
6729
3850
7580
7432
4802
9347
9081
1612
8415
9540
9434
3534
5802
2876
9489
4960
2060
818
3093
415
5373
4997
1995
149
8429
1860
7424
114
4499
8264
3690
2047
6465
6522
4887
512
9938
6109
8237
965
7207
9897
2050
1811
3819
241
9556
6749
4836
7905
1710
4456
5241
6276
9085
1206
8867
505
3936
3520
9167
299
3559
6936
5653
1587
2468
6527
5076
3230
6426
1328
9377
3717
4455
9930
2102
2345
4944
5158
686
2465
2529
1812
8058
407
4410
8804
5878
9948
6782
270
1564
5259
3591
939
1081
7841
8588
6784
4567
7830
6606
5082
6132
2038
1067
8262
5007
1162
752
2832
8528
7953
2154
3923
9568
6211
3524
7555
4397
5123
1876
4898
1388
8542
8205
7001
602
7935
2192
8095
9497
6859
2855
8435
6453
3845
8559
9531
4198
8941
2738
9092
4646
8188
9361
7380
899
7498
543
4550
1489
2147
6787
8611
3542
9963
1746
5359
3551
6202
4533
5398
7141
8404
5364
2432
8827
2574
2269
826
5879
569
3429
1008
1052
5050
7544
8269
1660
5748
8
7067
4986
7970
125
6196
6197
4017
5433
4427
2945
6728
5746
5453
8091
5546
9566
2820
2748
2183
5626
9183
7653
2754
3468
5466
7453
6121
3297
2716
4006
351
5898
4639
6967
1082
9770
1187
9064
2607
4118
5248
2036
2786
1414
9550
6645
8395
2740
3272
6118
5549
1418
2598
7857
4464
3741
2882
2033
7080
6530
2126
9017
7111
3967
6996
4473
7955
5971
1438
4620
619
5376
974
1449
625
9886
3901
5707
6016
4375
8068
8630
9025
8072
4880
9363
2117
8835
6355
9156
5519
5324
1795
8891
313
8053
3282
821
4593
8030
576
9697
5031
8234
5142
3389
7030
7347
9813
2213
3420
2332
9535
8698
3608
6018
5465
4633
8896
9700
3438
5299
5564
8788
1321
1794
4708
5389
8407
5272
2762
4983
7220
6038
7013
6627
5763
6591
4043
6835
6190
3555
3829
4605
6851
3189
4886
1344
6017
5694
4572
3588
1882
6662
3205
9221
5655
4884
4792
3042
5420
1958
133
9841
3165
7138
5529
3000
2749
9261
7851
4956
9265
5122
6845
4599
334
7026
5288
1885
6644
1583
6369
6665
6459
3094
7384
5639
8541
4007
8586
1967
9742
1030
677
3195
7728
9172
779
9447
9644
2957
1395
1147
5025
8162
2827
4713
1820
640
1528
8571
8558
4472
9259
3858
6181
8703
5451
6608
187
3915
8283
6697
5575
4834
2422
6041
5263
1086
3918
8682
6534
8304
9847
2248
4451
6081
3890
656
6172
6732
6803
817
3659
9647
6065
5138
8500
5010
9857
4544
2637
6142
8463
323
8023
9399
169
109
3047
6675
660
4187
7729
8544
2575
8222
3050
7285
2560
9297
6884
9209
4482
6987
9590
2977
560
5314
8219
6490
815
4520
6800
6822
3258
9966
6468
2737
5929
7585
748
5646
2548
7460
6649
9070
458
9270
6638
3372
8071
8993
294
4495
3892
3012
4803
1029
4448
7747
4718
1637
4489
1166
8298
4491
6280
5027
661
9533
3118
2497
3498
938
8350
3994
7081
4695
794
9558
4416
1041
8045
7726
2966
9710
7863
3486
9175
3508
6173
3329
790
6625
8563
7437
5467
4537
3504
2672
1400
82
6500
7479
2648
6126
9833
4343
6020
1678
9862
2725
6420
8069
5980
1684
7383
4442
8491
7439
4274
1677
6670
580
5402
1552
8792
9192
1652
5478
6593
363
4484
56
4558
1156
1324
1096
4457
3413
5610
4970
1182
9451
3576
9145
9067
4171
2003
8242
7147
7069
5165
8780
3433
2761
1188
7269
3492
8022
366
8096
5548
8546
9807
485
9394
7722
6742
4319
930
7404
956
7703
7689
2721
4024
6611
3511
2804
1713
1707
822
9852
9348
7180
1228
5837
1993
3130
962
583
5843
9740
8047
5278
6169
5446
9314
2595
1329
4275
9312
5188
3503
2143
5106
8038
1543
5447
2042
6744
2688
3304
9761
6504
1791
5071
8186
2778
1690
2105
760
664
3721
1001
786
2500
7486
5642
2413
3153
9155
3275
4805
7910
1495
1407
7950
2229
4702
7350
8015
7913
7614
7557
622
8547
4282
6234
892
7238
4073
4047
5173
6646
6788
9177
1591
5440
9675
4704
7492
5159
8214
3719
1497
8603
4554
6390
3344
4053
4013
228
459
3341
2984
6012
209
9854
7617
3548
4026
948
9711
1590
5926
2763
1013
4627
3784
588
9685
8295
618
8676
8821
1304
4231
6600
6288
7076
8046
7259
4492
7645
7626
9910
8337
3096
9500
9529
8842
3989
5296
707
995
9722
6501
6052
448
3886
3237
6512
5256
7375
5857
8833
7711
1509
3824
5951
1627
9929
463
9760
2864
8467
4573
2090
4942
5721
6911
7246
6058
9230
9865
2910
4926
5233
1879
9404
5932
5443
6028
3606
5351
2445
5127
1292
1929
3085
2621
8591
267
185
8515
7255
5410
6286
4235
9608
9392
9914
2731
4114
8031
6315
4336
8390
634
2582
2081
1682
6633
1236
1505
6090
7927
912
6003
4782
5704
8697
4698
1299
1451
8793
5164
2931
8905
782
5940
3006
253
43
6136
5406
1212
5904
9126
3022
6025
4436
2113
4208
2216
1260
9893
2489
7109
332
4102
7376
5557
8730
9154
8108
6868
3645
3852
5185
761
9961
5047
1673
7957
6094
3271
4230
9051
4577
9275
4008
6097
1168
3746
4546
6155
3999
7858
972
3465
5838
8334
9595
7562
8939
3084
1383
8668
3059
2817
527
7574
4827
9073
7474
8953
9888
5543
6258
1620
4249
4145
3043
6922
6575
8041
1203
615
5641
3499
8446
7006
6064
9324
4594
7046
6516
5430
2472
328
8445
2354
9088
1376
1165
6812
7003
1061
7143
6650
3326
1793
9114
4874
7709
3044
8634
9398
714
36
3305
4001
3789
1826
3523
3739
6780
1683
4917
7044
616
5923
4088
4631
6294
9867
8600
6747
7590
2577
7321
8992
5535
4786
4432
3951
7792
863
6802
4788
3920
9936
5965
66
1584
3167
8560
1248
8255
5073
9796
146
2158
2783
9048
7252
854
9203
2628
2773
6683
9116
3114
5872
3959
9994
2909
1138
9902
520
2578
8810
7665
6893
1464
9645
5870
5510
3380
5416
3914
4262
5794
3164
5174
4840
4890
6920
9582
3279
8229
3814
6961
2862
4022
7490
7313
7054
8352
3116
6438
991
2666
3197
7493
2601
5750
7586
8947
7226
6924
8866
9345
3807
5266
9916
4422
2286
4925
8614
5318
7915
2559
9505
7565
1900
5685
3038
6508
4123
1113
6130
5859
6917
1787
9120
4433
7615
8018
9747
8685
1613
3008
6088
8129
7898
1955
3072
5778
7299
764
111
4612
5899
8061
6857
7135
7946
6970
2189
4260
7346
2285
8747
472
1380
6140
8051
2859
9537
254
932
4853
9732
2267
9274
6902
6223
5246
5808
3584
5128
2162
2361
6663
3528
4807
5805
6741
3642
8118
7745
4124
155
360
1002
2764
2485
4528
139
1316
7366
7914
2092
70
579
3251
2693
4219
8438
9973
2627
6444
5415
1925
7089
9536
6873
5874
8626
4654
5830
6274
9648
6167
1976
148
1829
1440
1738
8585
8959
9101
7536
2225
8468
9313
7373
5895
5202
9
9972
1370
7673
7000
2805
3170
2435
9207
4810
2880
6201
3895
1809
7008
2169
6248
6960
6267
298
7672
5572
8522
3294
1758
4908
9375
2561
7708
7776
4569
7211
7156
9355
4339
3186
8122
1990
3663
2520
3827
6562
4947
5526
5531
8457
5016
6816
8839
2732
1273
4964
759
9153
4808
1867
5862
5947
2554
2860
1954
6914
1133
6517
774
9984
6524
8661
4825
116
9225
9390
6603
5981
3627
1760
2281
8381
9943
8275
9912
6770
946
905
9431
9629
8382
7090
3706
8044
1308
7799
1118
998
3217
5135
9308
727
704
6488
4405
1689
5667
3641
2008
6277
321
7569
4474
1189
1645
7823
3425
7245
8194
3842
4959
2615
3900
2551
9792
2121
3632
7853
1144
4168
7651
4421
8920
7684
3310
9486
1888
5816
2075
9058
645
2464
2612
8252
3699
1269
6767
9011
4082
9376
4406
9268
3697
87
5622
1984
3752
3007
943
9504
1436
4388
2619
7942
4993
2640
7686
7734
6702
3120
4055
6236
6217
6092
2022
7966
6105
8529
7108
6618
8901
8115
5946
538
5291
5470
2173
6393
7576
8197
4625
4726
2307
2579
797
2242
3322
652
8261
879
4362
2282
1855
7706
6480
470
8675
2219
9694
766
6950
6523
9551
8300
6890
346
3501
237
7512
2776
2140
5605
1759
8826
8340
7104
5754
3106
5691
6457
6007
3432
7744
9995
1330
4438
5538
624
5858
4936
9637
6049
3316
848
2182
8639
2254
2792
6032
9563
7693
2908
1718
7958
975
6182
1377
7182
3194
9234
8509
9970
3110
8735
6412
838
454
9599
1524
3678
5755
4885
6962
5902
3145
1966
5077
5091
4150
2321
4614
907
3362
7363
6347
7405
9494
7324
6570
7992
5121
4174
675
163
3387
7018
4210
3067
7084
9823
9369
2701
1284
6790
9446
8874
5182
3510
2929
6221
6162
2663
7020
233
6156
5111
8814
4090
3255
3563
6177
9342
969
6895
9702
7631
7014
5743
3026
7326
2584
5563
3696
3463
5844
8646
3778
9358
8687
8727
7593
2570
2287
8387
2416
5593
621
2729
7083
5380
493
8201
1845
4166
5806
8465
5518
2130
3976
1022
6601
6210
6667
9012
9325
4364
304
6143
4989
9906
6060
2348
6940
5918
5269
6689
1252
6111
5378
3313
2170
6984
4681
6178
3416
8663
2442
7305
1586
7936
7842
92
4256
5839
2686
3960
7159
4240
9638
8470
9646
97
2524
6367
2923
6930
8851
8926
3112
3473
7234
5244
799
1371
5078
9300
2801
3856
2758
3079
2730
8995
5948
515
8881
8791
3998
2902
1647
1114
9086
712
5854
439
8652
28
5577
2703
5445
8291
6295
7258
4189
4215
7990
3956
3598
7787
8212
7301
3005
1546
4376
2594
7440
8745
7389
5335
2017
9874
913
3707
4943
7861
4994
9689
8318
6837
5861
3557
617
7448
6337
6703
4415
7480
1772
7202
8872
1334
4278
6027
4321
8251
2300
7941
5792
4772
7113
6832
549
7032
1817
7215
4355
1481
6451
5977
2733
2692
867
8915
5037
5912
2667
30
984
3712
8367
6128
2539
2812
6874
5970
1895
811
510
1745
4661
5868
9753
5206
9971
2434
2531
1477
2456
5435
999
9673
1828
6875
6844
8749
9631
5192
1700
9693
8690
1861
8396
2444
8721
2463
6830
8371
2303
9920
1065
4615
2614
8854
6768
2831
7166
368
6409
690
8284
5482
687
2516
3762
6887
2541
1365
1169
7667
1952
88
1408
1091
7750
1554
6462
1563
292
1727
2563
5094
3732
3401
5758
7152
4324
3300
5419
4367
9737
8397
631
2483
5413
3522
5422
6695
3430
9861
7058
7954
2498
2200
6413
5220
6870
4668
7758
9931
3142
3553
4716
5479
7534
2279
7101
5876
405
8322
9043
