521
743
479
215
701
555
821
123
791
490
895
226
640
57
170
427
398
835
388
870
301
712
785
567
430
166
426
469
649
65
858
616
194
871
963
343
884
290
977
44
887
668
517
458
466
991
562
802
59
553
958
421
163
233
989
920
822
107
68
971
116
501
650
361
574
422
259
845
0
513
136
292
643
927
941
135
901
686
647
437
425
249
833
2
133
756
957
853
656
9
939
613
474
648
919
272
475
747
34
576
549
718
615
733
268
394
172
108
436
308
818
399
201
16
204
736
357
367
371
117
200
611
84
487
235
28
619
950
139
428
671
29
678
635
254
78
714
189
118
873
700
892
251
230
673
784
670
622
663
612
253
708
149
850
923
906
274
952
749
496
970
655
323
720
50
311
19
681
552
331
347
569
266
127
467
203
156
111
270
924
548
173
227
276
695
15
545
384
903
527
316
533
905
155
807
460
48
327
617
283
52
309
926
583
312
392
942
45
476
817
627
886
62
90
753
913
654
745
450
216
983
682
589
819
241
75
889
874
188
629
621
838
406
946
546
380
8
826
897
477
383
883
943
1
416
412
797
982
76
856
696
217
344
508
595
213
126
786
730
915
767
210
165
603
303
620
431
644
440
79
53
900
676
683
876
338
959
813
727
231
737
238
267
846
947
880
260
423
21
861
572
693
175
280
637
484
339
840
370
330
113
461
832
336
64
181
985
488
522
176
206
462
264
788
63
852
67
607
73
237
445
626
938
337
909
771
56
22
980
702
995
271
80
636
17
58
199
717
26
688
524
869
255
758
404
911
376
257
868
43
39
486
41
326
664
489
677
37
119
124
242
828
332
306
122
256
174
112
162
936
89
379
46
359
816
703
875
20
93
187
707
95
515
381
808
781
335
571
225
443
232
587
675
705
171
247
435
364
639
324
424
890
855
245
418
298
729
839
497
916
191
54
500
438
744
502
694
928
208
70
417
577
759
575
143
687
182
532
699
10
998
820
563
559
780
986
697
7
837
354
922
724
777
342
85
591
377
243
542
178
898
393
145
157
721
180
740
625
18
881
757
793
580
444
449
265
146
540
511
526
866
362
992
857
100
319
976
510
325
885
408
192
373
558
867
516
138
38
321
492
375
666
910
584
464
452
369
483
972
278
27
441
499
202
305
711
859
414
132
560
896
814
30
346
61
672
628
98
783
912
334
945
547
904
662
459
914
940
990
240
504
147
153
706
879
220
333
352
209
83
774
937
518
732
207
750
329
684
91
389
214
618
598
680
32
804
659
328
121
395
103
229
601
633
320
494
66
12
315
193
746
973
385
281
535
287
250
110
594
13
14
33
236
752
473
661
349
554
586
219
811
129
396
402
658
99
4
481
763
544
457
534
685
386
988
413
159
446
186
224
340
284
815
472
86
710
528
468
503
350
288
715
764
713
87
345
929
183
420
538
307
137
295
994
142
161
244
599
168
962
3
597
114
42
934
294
987
196
836
735
932
360
31
862
92
451
539
719
704
606
806
313
824
907
953
863
908
585
302
600
899
698
104
578
480
205
796
709
433
523
509
723
830
525
102
140
917
463
805
979
799
551
77
317
491
531
184
665
5
228
667
831
356
674
273
728
882
387
765
812
931
573
96
645
537
725
609
109
261
660
981
651
400
151
602
150
507
88
775
405
582
657
24
25
761
6
125
506
741
604
623
770
482
760
872
49
810
378
690
419
529
967
849
23
177
829
74
557
304
291
411
844
218
71
81
493
277
358
550
289
792
593
455
263
742
642
40
69
579
789
841
894
610
739
930
944
434
536
130
961
748
279
624
605
646
776
478
638
55
652
823
512
596
106
782
966
581
787
993
716
134
918
877
851
221
933
185
314
495
692
282
921
954
964
439
269
286
755
969
773
847
432
999
641
564
768
498
614
801
407
453
115
951
734
374
351
366
148
296
391
212
470
632
842
864
925
798
843
588
975
790
82
179
363
131
590
348
556
36
442
465
144
297
456
795
902
530
47
848
762
653
984
968
751
834
543
72
669
390
120
630
865
949
190
35
893
754
779
169
223
519
891
211
353
222
198
825
722
372
447
803
568
888
429
631
262
258
634
809
689
974
738
978
94
164
60
592
252
128
382
996
401
285
960
997
403
410
726
772
105
167
541
246
397
565
310
778
956
520
341
299
51
239
679
365
11
800
766
300
608
955
158
794
769
275
152
854
860
248
293
234
935
561
566
471
97
197
731
505
322
514
141
948
570
691
415
318
101
454
965
827
195
448
485
160
409
878
154
368
355
